-1.062000e+00 5.773269e-20 -3.222696e-20
-1.061000e+00 5.774706e-20 -3.223834e-20
-1.060000e+00 5.776145e-20 -3.224974e-20
-1.059000e+00 5.777586e-20 -3.226116e-20
-1.058000e+00 5.779030e-20 -3.227260e-20
-1.057000e+00 5.780477e-20 -3.228406e-20
-1.056000e+00 5.781926e-20 -3.229554e-20
-1.055000e+00 5.783378e-20 -3.230704e-20
-1.054000e+00 5.784832e-20 -3.231857e-20
-1.053000e+00 5.786289e-20 -3.233012e-20
-1.052000e+00 5.787748e-20 -3.234169e-20
-1.051000e+00 5.789210e-20 -3.235328e-20
-1.050000e+00 5.790675e-20 -3.236489e-20
-1.049000e+00 5.792142e-20 -3.237652e-20
-1.048000e+00 5.793611e-20 -3.238818e-20
-1.047000e+00 5.795084e-20 -3.239985e-20
-1.046000e+00 5.796558e-20 -3.241155e-20
-1.045000e+00 5.798036e-20 -3.242328e-20
-1.044000e+00 5.799516e-20 -3.243502e-20
-1.043000e+00 5.800999e-20 -3.244679e-20
-1.042000e+00 5.802484e-20 -3.245857e-20
-1.041000e+00 5.803972e-20 -3.247038e-20
-1.040000e+00 5.805463e-20 -3.248222e-20
-1.039000e+00 5.806956e-20 -3.249407e-20
-1.038000e+00 5.808452e-20 -3.250595e-20
-1.037000e+00 5.809951e-20 -3.251785e-20
-1.036000e+00 5.811452e-20 -3.252977e-20
-1.035000e+00 5.812956e-20 -3.254172e-20
-1.034000e+00 5.814463e-20 -3.255369e-20
-1.033000e+00 5.815973e-20 -3.256568e-20
-1.032000e+00 5.817485e-20 -3.257769e-20
-1.031000e+00 5.819000e-20 -3.258973e-20
-1.030000e+00 5.820517e-20 -3.260179e-20
-1.029000e+00 5.822038e-20 -3.261387e-20
-1.028000e+00 5.823561e-20 -3.262598e-20
-1.027000e+00 5.825087e-20 -3.263811e-20
-1.026000e+00 5.826615e-20 -3.265026e-20
-1.025000e+00 5.828147e-20 -3.266244e-20
-1.024000e+00 5.829681e-20 -3.267464e-20
-1.023000e+00 5.831218e-20 -3.268686e-20
-1.022000e+00 5.832757e-20 -3.269911e-20
-1.021000e+00 5.834300e-20 -3.271138e-20
-1.020000e+00 5.835845e-20 -3.272367e-20
-1.019000e+00 5.837394e-20 -3.273599e-20
-1.018000e+00 5.838945e-20 -3.274833e-20
-1.017000e+00 5.840498e-20 -3.276070e-20
-1.016000e+00 5.842055e-20 -3.277309e-20
-1.015000e+00 5.843615e-20 -3.278550e-20
-1.014000e+00 5.845177e-20 -3.279794e-20
-1.013000e+00 5.846742e-20 -3.281040e-20
-1.012000e+00 5.848310e-20 -3.282289e-20
-1.011000e+00 5.849881e-20 -3.283540e-20
-1.010000e+00 5.851455e-20 -3.284793e-20
-1.009000e+00 5.853032e-20 -3.286049e-20
-1.008000e+00 5.854612e-20 -3.287308e-20
-1.007000e+00 5.856194e-20 -3.288568e-20
-1.006000e+00 5.857780e-20 -3.289832e-20
-1.005000e+00 5.859368e-20 -3.291098e-20
-1.004000e+00 5.860960e-20 -3.292366e-20
-1.003000e+00 5.862554e-20 -3.293637e-20
-1.002000e+00 5.864152e-20 -3.294910e-20
-1.001000e+00 5.865752e-20 -3.296186e-20
-1.000000e+00 5.867355e-20 -3.297464e-20
-9.990000e-01 5.868962e-20 -3.298745e-20
-9.980000e-01 5.870571e-20 -3.300028e-20
-9.970000e-01 5.872183e-20 -3.301314e-20
-9.960000e-01 5.873798e-20 -3.302603e-20
-9.950000e-01 5.875417e-20 -3.303894e-20
-9.940000e-01 5.877038e-20 -3.305187e-20
-9.930000e-01 5.878663e-20 -3.306483e-20
-9.920000e-01 5.880290e-20 -3.307782e-20
-9.910000e-01 5.881921e-20 -3.309083e-20
-9.900000e-01 5.883554e-20 -3.310387e-20
-9.890000e-01 5.885191e-20 -3.311694e-20
-9.880000e-01 5.886831e-20 -3.313003e-20
-9.870000e-01 5.888473e-20 -3.314314e-20
-9.860000e-01 5.890119e-20 -3.315629e-20
-9.850000e-01 5.891769e-20 -3.316946e-20
-9.840000e-01 5.893421e-20 -3.318265e-20
-9.830000e-01 5.895076e-20 -3.319588e-20
-9.820000e-01 5.896735e-20 -3.320912e-20
-9.810000e-01 5.898396e-20 -3.322240e-20
-9.800000e-01 5.900061e-20 -3.323570e-20
-9.790000e-01 5.901729e-20 -3.324903e-20
-9.780000e-01 5.903400e-20 -3.326239e-20
-9.770000e-01 5.905075e-20 -3.327577e-20
-9.760000e-01 5.906752e-20 -3.328918e-20
-9.750000e-01 5.908433e-20 -3.330262e-20
-9.740000e-01 5.910117e-20 -3.331608e-20
-9.730000e-01 5.911804e-20 -3.332957e-20
-9.720000e-01 5.913495e-20 -3.334309e-20
-9.710000e-01 5.915189e-20 -3.335664e-20
-9.700000e-01 5.916886e-20 -3.337021e-20
-9.690000e-01 5.918586e-20 -3.338382e-20
-9.680000e-01 5.920290e-20 -3.339744e-20
-9.670000e-01 5.921996e-20 -3.341110e-20
-9.660000e-01 5.923707e-20 -3.342479e-20
-9.650000e-01 5.925420e-20 -3.343850e-20
-9.640000e-01 5.927137e-20 -3.345224e-20
-9.630000e-01 5.928857e-20 -3.346601e-20
-9.620000e-01 5.930581e-20 -3.347981e-20
-9.610000e-01 5.932307e-20 -3.349363e-20
-9.600000e-01 5.934038e-20 -3.350749e-20
-9.590000e-01 5.935771e-20 -3.352137e-20
-9.580000e-01 5.937508e-20 -3.353528e-20
-9.570000e-01 5.939249e-20 -3.354922e-20
-9.560000e-01 5.940992e-20 -3.356319e-20
-9.550000e-01 5.942740e-20 -3.357719e-20
-9.540000e-01 5.944490e-20 -3.359122e-20
-9.530000e-01 5.946244e-20 -3.360527e-20
-9.520000e-01 5.948002e-20 -3.361936e-20
-9.510000e-01 5.949763e-20 -3.363347e-20
-9.500000e-01 5.951527e-20 -3.364761e-20
-9.490000e-01 5.953295e-20 -3.366179e-20
-9.480000e-01 5.955067e-20 -3.367599e-20
-9.470000e-01 5.956842e-20 -3.369022e-20
-9.460000e-01 5.958620e-20 -3.370448e-20
-9.450000e-01 5.960402e-20 -3.371878e-20
-9.440000e-01 5.962188e-20 -3.373310e-20
-9.430000e-01 5.963977e-20 -3.374745e-20
-9.420000e-01 5.965769e-20 -3.376183e-20
-9.410000e-01 5.967566e-20 -3.377624e-20
-9.400000e-01 5.969366e-20 -3.379068e-20
-9.390000e-01 5.971169e-20 -3.380515e-20
-9.380000e-01 5.972976e-20 -3.381966e-20
-9.370000e-01 5.974787e-20 -3.383419e-20
-9.360000e-01 5.976601e-20 -3.384875e-20
-9.350000e-01 5.978419e-20 -3.386335e-20
-9.340000e-01 5.980240e-20 -3.387797e-20
-9.330000e-01 5.982066e-20 -3.389263e-20
-9.320000e-01 5.983895e-20 -3.390732e-20
-9.310000e-01 5.985727e-20 -3.392204e-20
-9.300000e-01 5.987564e-20 -3.393679e-20
-9.290000e-01 5.989404e-20 -3.395157e-20
-9.280000e-01 5.991247e-20 -3.396638e-20
-9.270000e-01 5.993095e-20 -3.398123e-20
-9.260000e-01 5.994946e-20 -3.399610e-20
-9.250000e-01 5.996801e-20 -3.401101e-20
-9.240000e-01 5.998660e-20 -3.402595e-20
-9.230000e-01 6.000523e-20 -3.404092e-20
-9.220000e-01 6.002389e-20 -3.405592e-20
-9.210000e-01 6.004259e-20 -3.407096e-20
-9.200000e-01 6.006133e-20 -3.408603e-20
-9.190000e-01 6.008011e-20 -3.410113e-20
-9.180000e-01 6.009893e-20 -3.411626e-20
-9.170000e-01 6.011778e-20 -3.413143e-20
-9.160000e-01 6.013668e-20 -3.414662e-20
-9.150000e-01 6.015561e-20 -3.416186e-20
-9.140000e-01 6.017459e-20 -3.417712e-20
-9.130000e-01 6.019360e-20 -3.419242e-20
-9.120000e-01 6.021265e-20 -3.420775e-20
-9.110000e-01 6.023174e-20 -3.422311e-20
-9.100000e-01 6.025087e-20 -3.423851e-20
-9.090000e-01 6.027004e-20 -3.425394e-20
-9.080000e-01 6.028925e-20 -3.426940e-20
-9.070000e-01 6.030850e-20 -3.428490e-20
-9.060000e-01 6.032779e-20 -3.430043e-20
-9.050000e-01 6.034712e-20 -3.431599e-20
-9.040000e-01 6.036649e-20 -3.433159e-20
-9.030000e-01 6.038590e-20 -3.434723e-20
-9.020000e-01 6.040535e-20 -3.436289e-20
-9.010000e-01 6.042484e-20 -3.437860e-20
-9.000000e-01 6.044437e-20 -3.439433e-20
-8.990000e-01 6.046395e-20 -3.441010e-20
-8.980000e-01 6.048356e-20 -3.442591e-20
-8.970000e-01 6.050322e-20 -3.444175e-20
-8.960000e-01 6.052291e-20 -3.445762e-20
-8.950000e-01 6.054265e-20 -3.447354e-20
-8.940000e-01 6.056243e-20 -3.448948e-20
-8.930000e-01 6.058226e-20 -3.450546e-20
-8.920000e-01 6.060212e-20 -3.452148e-20
-8.910000e-01 6.062203e-20 -3.453753e-20
-8.900000e-01 6.064198e-20 -3.455362e-20
-8.890000e-01 6.066197e-20 -3.456974e-20
-8.880000e-01 6.068200e-20 -3.458590e-20
-8.870000e-01 6.070208e-20 -3.460209e-20
-8.860000e-01 6.072220e-20 -3.461833e-20
-8.850000e-01 6.074236e-20 -3.463459e-20
-8.840000e-01 6.076257e-20 -3.465090e-20
-8.830000e-01 6.078282e-20 -3.466724e-20
-8.820000e-01 6.080311e-20 -3.468361e-20
-8.810000e-01 6.082345e-20 -3.470003e-20
-8.800000e-01 6.084383e-20 -3.471648e-20
-8.790000e-01 6.086425e-20 -3.473297e-20
-8.780000e-01 6.088472e-20 -3.474949e-20
-8.770000e-01 6.090523e-20 -3.476605e-20
-8.760000e-01 6.092579e-20 -3.478265e-20
-8.750000e-01 6.094639e-20 -3.479929e-20
-8.740000e-01 6.096704e-20 -3.481596e-20
-8.730000e-01 6.098773e-20 -3.483268e-20
-8.720000e-01 6.100846e-20 -3.484943e-20
-8.710000e-01 6.102924e-20 -3.486621e-20
-8.700000e-01 6.105007e-20 -3.488304e-20
-8.690000e-01 6.107094e-20 -3.489991e-20
-8.680000e-01 6.109186e-20 -3.491681e-20
-8.670000e-01 6.111282e-20 -3.493375e-20
-8.660000e-01 6.113383e-20 -3.495073e-20
-8.650000e-01 6.115488e-20 -3.496775e-20
-8.640000e-01 6.117599e-20 -3.498481e-20
-8.630000e-01 6.119713e-20 -3.500191e-20
-8.620000e-01 6.121833e-20 -3.501904e-20
-8.610000e-01 6.123957e-20 -3.503622e-20
-8.600000e-01 6.126086e-20 -3.505343e-20
-8.590000e-01 6.128219e-20 -3.507069e-20
-8.580000e-01 6.130357e-20 -3.508798e-20
-8.570000e-01 6.132500e-20 -3.510532e-20
-8.560000e-01 6.134648e-20 -3.512269e-20
-8.550000e-01 6.136801e-20 -3.514011e-20
-8.540000e-01 6.138958e-20 -3.515756e-20
-8.530000e-01 6.141120e-20 -3.517506e-20
-8.520000e-01 6.143287e-20 -3.519259e-20
-8.510000e-01 6.145459e-20 -3.521017e-20
-8.500000e-01 6.147635e-20 -3.522779e-20
-8.490000e-01 6.149817e-20 -3.524545e-20
-8.480000e-01 6.152003e-20 -3.526315e-20
-8.470000e-01 6.154194e-20 -3.528089e-20
-8.460000e-01 6.156391e-20 -3.529867e-20
-8.450000e-01 6.158592e-20 -3.531650e-20
-8.440000e-01 6.160798e-20 -3.533436e-20
-8.430000e-01 6.163009e-20 -3.535227e-20
-8.420000e-01 6.165225e-20 -3.537022e-20
-8.410000e-01 6.167447e-20 -3.538821e-20
-8.400000e-01 6.169673e-20 -3.540625e-20
-8.390000e-01 6.171904e-20 -3.542433e-20
-8.380000e-01 6.174141e-20 -3.544245e-20
-8.370000e-01 6.176382e-20 -3.546061e-20
-8.360000e-01 6.178629e-20 -3.547882e-20
-8.350000e-01 6.180880e-20 -3.549706e-20
-8.340000e-01 6.183137e-20 -3.551536e-20
-8.330000e-01 6.185399e-20 -3.553369e-20
-8.320000e-01 6.187666e-20 -3.555207e-20
-8.310000e-01 6.189939e-20 -3.557050e-20
-8.300000e-01 6.192216e-20 -3.558896e-20
-8.290000e-01 6.194499e-20 -3.560747e-20
-8.280000e-01 6.196787e-20 -3.562603e-20
-8.270000e-01 6.199081e-20 -3.564463e-20
-8.260000e-01 6.201380e-20 -3.566327e-20
-8.250000e-01 6.203684e-20 -3.568196e-20
-8.240000e-01 6.205993e-20 -3.570070e-20
-8.230000e-01 6.208308e-20 -3.571948e-20
-8.220000e-01 6.210628e-20 -3.573830e-20
-8.210000e-01 6.212954e-20 -3.575717e-20
-8.200000e-01 6.215285e-20 -3.577609e-20
-8.190000e-01 6.217621e-20 -3.579505e-20
-8.180000e-01 6.219963e-20 -3.581405e-20
-8.170000e-01 6.222310e-20 -3.583311e-20
-8.160000e-01 6.224663e-20 -3.585221e-20
-8.150000e-01 6.227022e-20 -3.587135e-20
-8.140000e-01 6.229386e-20 -3.589054e-20
-8.130000e-01 6.231755e-20 -3.590978e-20
-8.120000e-01 6.234130e-20 -3.592907e-20
-8.110000e-01 6.236511e-20 -3.594840e-20
-8.100000e-01 6.238898e-20 -3.596778e-20
-8.090000e-01 6.241290e-20 -3.598721e-20
-8.080000e-01 6.243687e-20 -3.600669e-20
-8.070000e-01 6.246091e-20 -3.602621e-20
-8.060000e-01 6.248500e-20 -3.604578e-20
-8.050000e-01 6.250915e-20 -3.606540e-20
-8.040000e-01 6.253335e-20 -3.608507e-20
-8.030000e-01 6.255762e-20 -3.610478e-20
-8.020000e-01 6.258194e-20 -3.612455e-20
-8.010000e-01 6.260632e-20 -3.614436e-20
-8.000000e-01 6.263076e-20 -3.616422e-20
-7.990000e-01 6.265526e-20 -3.618413e-20
-7.980000e-01 6.267981e-20 -3.620409e-20
-7.970000e-01 6.270443e-20 -3.622410e-20
-7.960000e-01 6.272910e-20 -3.624416e-20
-7.950000e-01 6.275384e-20 -3.626428e-20
-7.940000e-01 6.277863e-20 -3.628444e-20
-7.930000e-01 6.280349e-20 -3.630465e-20
-7.920000e-01 6.282840e-20 -3.632491e-20
-7.910000e-01 6.285338e-20 -3.634522e-20
-7.900000e-01 6.287841e-20 -3.636558e-20
-7.890000e-01 6.290351e-20 -3.638600e-20
-7.880000e-01 6.292867e-20 -3.640646e-20
-7.870000e-01 6.295389e-20 -3.642698e-20
-7.860000e-01 6.297917e-20 -3.644755e-20
-7.850000e-01 6.300452e-20 -3.646817e-20
-7.840000e-01 6.302992e-20 -3.648884e-20
-7.830000e-01 6.305539e-20 -3.650957e-20
-7.820000e-01 6.308092e-20 -3.653034e-20
-7.810000e-01 6.310652e-20 -3.655117e-20
-7.800000e-01 6.313218e-20 -3.657206e-20
-7.790000e-01 6.315790e-20 -3.659299e-20
-7.780000e-01 6.318368e-20 -3.661398e-20
-7.770000e-01 6.320953e-20 -3.663502e-20
-7.760000e-01 6.323545e-20 -3.665612e-20
-7.750000e-01 6.326142e-20 -3.667727e-20
-7.740000e-01 6.328747e-20 -3.669848e-20
-7.730000e-01 6.331357e-20 -3.671974e-20
-7.720000e-01 6.333975e-20 -3.674105e-20
-7.710000e-01 6.336598e-20 -3.676242e-20
-7.700000e-01 6.339229e-20 -3.678384e-20
-7.690000e-01 6.341866e-20 -3.680532e-20
-7.680000e-01 6.344510e-20 -3.682685e-20
-7.670000e-01 6.347160e-20 -3.684844e-20
-7.660000e-01 6.349817e-20 -3.687009e-20
-7.650000e-01 6.352481e-20 -3.689179e-20
-7.640000e-01 6.355151e-20 -3.691355e-20
-7.630000e-01 6.357828e-20 -3.693536e-20
-7.620000e-01 6.360512e-20 -3.695723e-20
-7.610000e-01 6.363203e-20 -3.697916e-20
-7.600000e-01 6.365901e-20 -3.700114e-20
-7.590000e-01 6.368605e-20 -3.702319e-20
-7.580000e-01 6.371317e-20 -3.704529e-20
-7.570000e-01 6.374035e-20 -3.706744e-20
-7.560000e-01 6.376761e-20 -3.708966e-20
-7.550000e-01 6.379493e-20 -3.711194e-20
-7.540000e-01 6.382232e-20 -3.713427e-20
-7.530000e-01 6.384979e-20 -3.715666e-20
-7.520000e-01 6.387732e-20 -3.717911e-20
-7.510000e-01 6.390493e-20 -3.720162e-20
-7.500000e-01 6.393261e-20 -3.722419e-20
-7.490000e-01 6.396036e-20 -3.724682e-20
-7.480000e-01 6.398818e-20 -3.726951e-20
-7.470000e-01 6.401607e-20 -3.729226e-20
-7.460000e-01 6.404404e-20 -3.731507e-20
-7.450000e-01 6.407208e-20 -3.733794e-20
-7.440000e-01 6.410019e-20 -3.736087e-20
-7.430000e-01 6.412837e-20 -3.738386e-20
-7.420000e-01 6.415663e-20 -3.740691e-20
-7.410000e-01 6.418497e-20 -3.743003e-20
-7.400000e-01 6.421337e-20 -3.745321e-20
-7.390000e-01 6.424186e-20 -3.747644e-20
-7.380000e-01 6.427041e-20 -3.749975e-20
-7.370000e-01 6.429905e-20 -3.752311e-20
-7.360000e-01 6.432776e-20 -3.754654e-20
-7.350000e-01 6.435654e-20 -3.757003e-20
-7.340000e-01 6.438540e-20 -3.759358e-20
-7.330000e-01 6.441434e-20 -3.761720e-20
-7.320000e-01 6.444335e-20 -3.764088e-20
-7.310000e-01 6.447244e-20 -3.766463e-20
-7.300000e-01 6.450161e-20 -3.768844e-20
-7.290000e-01 6.453086e-20 -3.771231e-20
-7.280000e-01 6.456019e-20 -3.773625e-20
-7.270000e-01 6.458959e-20 -3.776026e-20
-7.260000e-01 6.461907e-20 -3.778433e-20
-7.250000e-01 6.464863e-20 -3.780847e-20
-7.240000e-01 6.467828e-20 -3.783267e-20
-7.230000e-01 6.470800e-20 -3.785694e-20
-7.220000e-01 6.473780e-20 -3.788127e-20
-7.210000e-01 6.476768e-20 -3.790568e-20
-7.200000e-01 6.479765e-20 -3.793015e-20
-7.190000e-01 6.482769e-20 -3.795468e-20
-7.180000e-01 6.485782e-20 -3.797929e-20
-7.170000e-01 6.488803e-20 -3.800396e-20
-7.160000e-01 6.491832e-20 -3.802870e-20
-7.150000e-01 6.494869e-20 -3.805351e-20
-7.140000e-01 6.497915e-20 -3.807839e-20
-7.130000e-01 6.500969e-20 -3.810334e-20
-7.120000e-01 6.504031e-20 -3.812836e-20
-7.110000e-01 6.507102e-20 -3.815344e-20
-7.100000e-01 6.510182e-20 -3.817860e-20
-7.090000e-01 6.513270e-20 -3.820383e-20
-7.080000e-01 6.516366e-20 -3.822913e-20
-7.070000e-01 6.519471e-20 -3.825450e-20
-7.060000e-01 6.522584e-20 -3.827994e-20
-7.050000e-01 6.525707e-20 -3.830545e-20
-7.040000e-01 6.528837e-20 -3.833103e-20
-7.030000e-01 6.531977e-20 -3.835669e-20
-7.020000e-01 6.535125e-20 -3.838242e-20
-7.010000e-01 6.538283e-20 -3.840822e-20
-7.000000e-01 6.541449e-20 -3.843409e-20
-6.990000e-01 6.544624e-20 -3.846004e-20
-6.980000e-01 6.547807e-20 -3.848606e-20
-6.970000e-01 6.551000e-20 -3.851216e-20
-6.960000e-01 6.554202e-20 -3.853833e-20
-6.950000e-01 6.557413e-20 -3.856457e-20
-6.940000e-01 6.560633e-20 -3.859089e-20
-6.930000e-01 6.563862e-20 -3.861729e-20
-6.920000e-01 6.567100e-20 -3.864376e-20
-6.910000e-01 6.570347e-20 -3.867030e-20
-6.900000e-01 6.573604e-20 -3.869693e-20
-6.890000e-01 6.576870e-20 -3.872362e-20
-6.880000e-01 6.580145e-20 -3.875040e-20
-6.870000e-01 6.583430e-20 -3.877725e-20
-6.860000e-01 6.586724e-20 -3.880419e-20
-6.850000e-01 6.590028e-20 -3.883119e-20
-6.840000e-01 6.593341e-20 -3.885828e-20
-6.830000e-01 6.596663e-20 -3.888545e-20
-6.820000e-01 6.599995e-20 -3.891269e-20
-6.810000e-01 6.603337e-20 -3.894002e-20
-6.800000e-01 6.606689e-20 -3.896742e-20
-6.790000e-01 6.610050e-20 -3.899490e-20
-6.780000e-01 6.613421e-20 -3.902247e-20
-6.770000e-01 6.616802e-20 -3.905011e-20
-6.760000e-01 6.620193e-20 -3.907784e-20
-6.750000e-01 6.623593e-20 -3.910565e-20
-6.740000e-01 6.627004e-20 -3.913354e-20
-6.730000e-01 6.630424e-20 -3.916151e-20
-6.720000e-01 6.633855e-20 -3.918956e-20
-6.710000e-01 6.637296e-20 -3.921770e-20
-6.700000e-01 6.640746e-20 -3.924592e-20
-6.690000e-01 6.644207e-20 -3.927422e-20
-6.680000e-01 6.647679e-20 -3.930261e-20
-6.670000e-01 6.651160e-20 -3.933108e-20
-6.660000e-01 6.654652e-20 -3.935964e-20
-6.650000e-01 6.658154e-20 -3.938828e-20
-6.640000e-01 6.661667e-20 -3.941701e-20
-6.630000e-01 6.665190e-20 -3.944582e-20
-6.620000e-01 6.668724e-20 -3.947472e-20
-6.610000e-01 6.672268e-20 -3.950371e-20
-6.600000e-01 6.675823e-20 -3.953278e-20
-6.590000e-01 6.679389e-20 -3.956195e-20
-6.580000e-01 6.682965e-20 -3.959120e-20
-6.570000e-01 6.686552e-20 -3.962053e-20
-6.560000e-01 6.690150e-20 -3.964996e-20
-6.550000e-01 6.693759e-20 -3.967947e-20
-6.540000e-01 6.697379e-20 -3.970908e-20
-6.530000e-01 6.701010e-20 -3.973877e-20
-6.520000e-01 6.704652e-20 -3.976856e-20
-6.510000e-01 6.708305e-20 -3.979843e-20
-6.500000e-01 6.711969e-20 -3.982840e-20
-6.490000e-01 6.715644e-20 -3.985846e-20
-6.480000e-01 6.719331e-20 -3.988861e-20
-6.470000e-01 6.723029e-20 -3.991885e-20
-6.460000e-01 6.726738e-20 -3.994919e-20
-6.450000e-01 6.730459e-20 -3.997962e-20
-6.440000e-01 6.734191e-20 -4.001014e-20
-6.430000e-01 6.737935e-20 -4.004075e-20
-6.420000e-01 6.741690e-20 -4.007147e-20
-6.410000e-01 6.745457e-20 -4.010227e-20
-6.400000e-01 6.749236e-20 -4.013317e-20
-6.390000e-01 6.753026e-20 -4.016417e-20
-6.380000e-01 6.756829e-20 -4.019526e-20
-6.370000e-01 6.760643e-20 -4.022646e-20
-6.360000e-01 6.764469e-20 -4.025774e-20
-6.350000e-01 6.768307e-20 -4.028913e-20
-6.340000e-01 6.772158e-20 -4.032061e-20
-6.330000e-01 6.776020e-20 -4.035219e-20
-6.320000e-01 6.779895e-20 -4.038388e-20
-6.310000e-01 6.783782e-20 -4.041566e-20
-6.300000e-01 6.787681e-20 -4.044754e-20
-6.290000e-01 6.791592e-20 -4.047952e-20
-6.280000e-01 6.795516e-20 -4.051160e-20
-6.270000e-01 6.799453e-20 -4.054379e-20
-6.260000e-01 6.803402e-20 -4.057607e-20
-6.250000e-01 6.807363e-20 -4.060846e-20
-6.240000e-01 6.811338e-20 -4.064095e-20
-6.230000e-01 6.815325e-20 -4.067354e-20
-6.220000e-01 6.819325e-20 -4.070624e-20
-6.210000e-01 6.823338e-20 -4.073905e-20
-6.200000e-01 6.827364e-20 -4.077195e-20
-6.190000e-01 6.831402e-20 -4.080497e-20
-6.180000e-01 6.835454e-20 -4.083809e-20
-6.170000e-01 6.839519e-20 -4.087131e-20
-6.160000e-01 6.843598e-20 -4.090464e-20
-6.150000e-01 6.847689e-20 -4.093808e-20
-6.140000e-01 6.851794e-20 -4.097163e-20
-6.130000e-01 6.855913e-20 -4.100529e-20
-6.120000e-01 6.860045e-20 -4.103905e-20
-6.110000e-01 6.864190e-20 -4.107293e-20
-6.100000e-01 6.868349e-20 -4.110691e-20
-6.090000e-01 6.872522e-20 -4.114101e-20
-6.080000e-01 6.876709e-20 -4.117521e-20
-6.070000e-01 6.880909e-20 -4.120953e-20
-6.060000e-01 6.885123e-20 -4.124396e-20
-6.050000e-01 6.889352e-20 -4.127851e-20
-6.040000e-01 6.893594e-20 -4.131316e-20
-6.030000e-01 6.897851e-20 -4.134793e-20
-6.020000e-01 6.902122e-20 -4.138282e-20
-6.010000e-01 6.906407e-20 -4.141782e-20
-6.000000e-01 6.910707e-20 -4.145293e-20
-5.990000e-01 6.915021e-20 -4.148817e-20
-5.980000e-01 6.919349e-20 -4.152351e-20
-5.970000e-01 6.923692e-20 -4.155898e-20
-5.960000e-01 6.928050e-20 -4.159456e-20
-5.950000e-01 6.932423e-20 -4.163027e-20
-5.940000e-01 6.936810e-20 -4.166609e-20
-5.930000e-01 6.941213e-20 -4.170203e-20
-5.920000e-01 6.945630e-20 -4.173809e-20
-5.910000e-01 6.950062e-20 -4.177427e-20
-5.900000e-01 6.954510e-20 -4.181058e-20
-5.890000e-01 6.958973e-20 -4.184700e-20
-5.880000e-01 6.963451e-20 -4.188355e-20
-5.870000e-01 6.967945e-20 -4.192023e-20
-5.860000e-01 6.972454e-20 -4.195702e-20
-5.850000e-01 6.976979e-20 -4.199394e-20
-5.840000e-01 6.981519e-20 -4.203099e-20
-5.830000e-01 6.986076e-20 -4.206816e-20
-5.820000e-01 6.990648e-20 -4.210546e-20
-5.810000e-01 6.995236e-20 -4.214289e-20
-5.800000e-01 6.999840e-20 -4.218044e-20
-5.790000e-01 7.004460e-20 -4.221812e-20
-5.780000e-01 7.009096e-20 -4.225593e-20
-5.770000e-01 7.013749e-20 -4.229387e-20
-5.760000e-01 7.018418e-20 -4.233195e-20
-5.750000e-01 7.023103e-20 -4.237015e-20
-5.740000e-01 7.027805e-20 -4.240848e-20
-5.730000e-01 7.032524e-20 -4.244695e-20
-5.720000e-01 7.037260e-20 -4.248555e-20
-5.710000e-01 7.042012e-20 -4.252428e-20
-5.700000e-01 7.046781e-20 -4.256315e-20
-5.690000e-01 7.051568e-20 -4.260216e-20
-5.680000e-01 7.056371e-20 -4.264130e-20
-5.670000e-01 7.061192e-20 -4.268057e-20
-5.660000e-01 7.066030e-20 -4.271999e-20
-5.650000e-01 7.070885e-20 -4.275954e-20
-5.640000e-01 7.075758e-20 -4.279923e-20
-5.630000e-01 7.080649e-20 -4.283906e-20
-5.620000e-01 7.085557e-20 -4.287903e-20
-5.610000e-01 7.090483e-20 -4.291915e-20
-5.600000e-01 7.095428e-20 -4.295940e-20
-5.590000e-01 7.100390e-20 -4.299980e-20
-5.580000e-01 7.105370e-20 -4.304034e-20
-5.570000e-01 7.110369e-20 -4.308102e-20
-5.560000e-01 7.115386e-20 -4.312185e-20
-5.550000e-01 7.120421e-20 -4.316283e-20
-5.540000e-01 7.125475e-20 -4.320395e-20
-5.530000e-01 7.130547e-20 -4.324521e-20
-5.520000e-01 7.135639e-20 -4.328663e-20
-5.510000e-01 7.140749e-20 -4.332820e-20
-5.500000e-01 7.145879e-20 -4.336991e-20
-5.490000e-01 7.151027e-20 -4.341177e-20
-5.480000e-01 7.156195e-20 -4.345379e-20
-5.470000e-01 7.161382e-20 -4.349596e-20
-5.460000e-01 7.166588e-20 -4.353828e-20
-5.450000e-01 7.171814e-20 -4.358075e-20
-5.440000e-01 7.177060e-20 -4.362338e-20
-5.430000e-01 7.182326e-20 -4.366617e-20
-5.420000e-01 7.187611e-20 -4.370911e-20
-5.410000e-01 7.192917e-20 -4.375221e-20
-5.400000e-01 7.198242e-20 -4.379546e-20
-5.390000e-01 7.203588e-20 -4.383888e-20
-5.380000e-01 7.208955e-20 -4.388245e-20
-5.370000e-01 7.214342e-20 -4.392618e-20
-5.360000e-01 7.219749e-20 -4.397008e-20
-5.350000e-01 7.225178e-20 -4.401414e-20
-5.340000e-01 7.230627e-20 -4.405836e-20
-5.330000e-01 7.236098e-20 -4.410275e-20
-5.320000e-01 7.241589e-20 -4.414730e-20
-5.310000e-01 7.247102e-20 -4.419201e-20
-5.300000e-01 7.252636e-20 -4.423690e-20
-5.290000e-01 7.258192e-20 -4.428195e-20
-5.280000e-01 7.263770e-20 -4.432717e-20
-5.270000e-01 7.269369e-20 -4.437256e-20
-5.260000e-01 7.274990e-20 -4.441812e-20
-5.250000e-01 7.280634e-20 -4.446385e-20
-5.240000e-01 7.286299e-20 -4.450975e-20
-5.230000e-01 7.291987e-20 -4.455583e-20
-5.220000e-01 7.297698e-20 -4.460208e-20
-5.210000e-01 7.303431e-20 -4.464851e-20
-5.200000e-01 7.309187e-20 -4.469511e-20
-5.190000e-01 7.314966e-20 -4.474189e-20
-5.180000e-01 7.320768e-20 -4.478885e-20
-5.170000e-01 7.326593e-20 -4.483599e-20
-5.160000e-01 7.332442e-20 -4.488331e-20
-5.150000e-01 7.338314e-20 -4.493081e-20
-5.140000e-01 7.344210e-20 -4.497850e-20
-5.130000e-01 7.350130e-20 -4.502636e-20
-5.120000e-01 7.356073e-20 -4.507442e-20
-5.110000e-01 7.362041e-20 -4.512265e-20
-5.100000e-01 7.368033e-20 -4.517108e-20
-5.090000e-01 7.374049e-20 -4.521969e-20
-5.080000e-01 7.380090e-20 -4.526849e-20
-5.070000e-01 7.386156e-20 -4.531749e-20
-5.060000e-01 7.392247e-20 -4.536667e-20
-5.050000e-01 7.398363e-20 -4.541604e-20
-5.040000e-01 7.404504e-20 -4.546561e-20
-5.030000e-01 7.410670e-20 -4.551537e-20
-5.020000e-01 7.416862e-20 -4.556533e-20
-5.010000e-01 7.423080e-20 -4.561549e-20
-5.000000e-01 7.429324e-20 -4.566584e-20
-4.990000e-01 7.435594e-20 -4.571640e-20
-4.980000e-01 7.441890e-20 -4.576715e-20
-4.970000e-01 7.448212e-20 -4.581810e-20
-4.960000e-01 7.454561e-20 -4.586926e-20
-4.950000e-01 7.460937e-20 -4.592062e-20
-4.940000e-01 7.467340e-20 -4.597219e-20
-4.930000e-01 7.473770e-20 -4.602396e-20
-4.920000e-01 7.480227e-20 -4.607594e-20
-4.910000e-01 7.486712e-20 -4.612813e-20
-4.900000e-01 7.493224e-20 -4.618053e-20
-4.890000e-01 7.499764e-20 -4.623314e-20
-4.880000e-01 7.506332e-20 -4.628596e-20
-4.870000e-01 7.512929e-20 -4.633900e-20
-4.860000e-01 7.519554e-20 -4.639225e-20
-4.850000e-01 7.526207e-20 -4.644572e-20
-4.840000e-01 7.532890e-20 -4.649941e-20
-4.830000e-01 7.539601e-20 -4.655331e-20
-4.820000e-01 7.546342e-20 -4.660744e-20
-4.810000e-01 7.553112e-20 -4.666179e-20
-4.800000e-01 7.559912e-20 -4.671636e-20
-4.790000e-01 7.566741e-20 -4.677115e-20
-4.780000e-01 7.573601e-20 -4.682617e-20
-4.770000e-01 7.580490e-20 -4.688142e-20
-4.760000e-01 7.587411e-20 -4.693690e-20
-4.750000e-01 7.594361e-20 -4.699260e-20
-4.740000e-01 7.601343e-20 -4.704854e-20
-4.730000e-01 7.608356e-20 -4.710471e-20
-4.720000e-01 7.615400e-20 -4.716112e-20
-4.710000e-01 7.622476e-20 -4.721776e-20
-4.700000e-01 7.629583e-20 -4.727464e-20
-4.690000e-01 7.636722e-20 -4.733176e-20
-4.680000e-01 7.643894e-20 -4.738911e-20
-4.670000e-01 7.651098e-20 -4.744671e-20
-4.660000e-01 7.658334e-20 -4.750455e-20
-4.650000e-01 7.665604e-20 -4.756264e-20
-4.640000e-01 7.672906e-20 -4.762097e-20
-4.630000e-01 7.680242e-20 -4.767955e-20
-4.620000e-01 7.687612e-20 -4.773838e-20
-4.610000e-01 7.695015e-20 -4.779747e-20
-4.600000e-01 7.702453e-20 -4.785680e-20
-4.590000e-01 7.709924e-20 -4.791639e-20
-4.580000e-01 7.717431e-20 -4.797623e-20
-4.570000e-01 7.724972e-20 -4.803633e-20
-4.560000e-01 7.732548e-20 -4.809669e-20
-4.550000e-01 7.740160e-20 -4.815731e-20
-4.540000e-01 7.747807e-20 -4.821820e-20
-4.530000e-01 7.755490e-20 -4.827934e-20
-4.520000e-01 7.763209e-20 -4.834076e-20
-4.510000e-01 7.770964e-20 -4.840244e-20
-4.500000e-01 7.778757e-20 -4.846439e-20
-4.490000e-01 7.786586e-20 -4.852661e-20
-4.480000e-01 7.794452e-20 -4.858910e-20
-4.470000e-01 7.802356e-20 -4.865187e-20
-4.460000e-01 7.810297e-20 -4.871491e-20
-4.450000e-01 7.818277e-20 -4.877823e-20
-4.440000e-01 7.826295e-20 -4.884184e-20
-4.430000e-01 7.834351e-20 -4.890572e-20
-4.420000e-01 7.842446e-20 -4.896989e-20
-4.410000e-01 7.850581e-20 -4.903434e-20
-4.400000e-01 7.858755e-20 -4.909908e-20
-4.390000e-01 7.866969e-20 -4.916411e-20
-4.380000e-01 7.875223e-20 -4.922943e-20
-4.370000e-01 7.883517e-20 -4.929504e-20
-4.360000e-01 7.891852e-20 -4.936095e-20
-4.350000e-01 7.900228e-20 -4.942715e-20
-4.340000e-01 7.908646e-20 -4.949366e-20
-4.330000e-01 7.917105e-20 -4.956046e-20
-4.320000e-01 7.925606e-20 -4.962757e-20
-4.310000e-01 7.934149e-20 -4.969498e-20
-4.300000e-01 7.942735e-20 -4.976270e-20
-4.290000e-01 7.951364e-20 -4.983073e-20
-4.280000e-01 7.960036e-20 -4.989907e-20
-4.270000e-01 7.968752e-20 -4.996772e-20
-4.260000e-01 7.977512e-20 -5.003669e-20
-4.250000e-01 7.986316e-20 -5.010597e-20
-4.240000e-01 7.995165e-20 -5.017558e-20
-4.230000e-01 8.004059e-20 -5.024551e-20
-4.220000e-01 8.012998e-20 -5.031576e-20
-4.210000e-01 8.021983e-20 -5.038633e-20
-4.200000e-01 8.031014e-20 -5.045724e-20
-4.190000e-01 8.040092e-20 -5.052848e-20
-4.180000e-01 8.049217e-20 -5.060005e-20
-4.170000e-01 8.058388e-20 -5.067195e-20
-4.160000e-01 8.067608e-20 -5.074419e-20
-4.150000e-01 8.076875e-20 -5.081678e-20
-4.140000e-01 8.086191e-20 -5.088970e-20
-4.130000e-01 8.095555e-20 -5.096297e-20
-4.120000e-01 8.104969e-20 -5.103659e-20
-4.110000e-01 8.114433e-20 -5.111055e-20
-4.100000e-01 8.123946e-20 -5.118487e-20
-4.090000e-01 8.133510e-20 -5.125954e-20
-4.080000e-01 8.143124e-20 -5.133457e-20
-4.070000e-01 8.152790e-20 -5.140996e-20
-4.060000e-01 8.162508e-20 -5.148571e-20
-4.050000e-01 8.172277e-20 -5.156182e-20
-4.040000e-01 8.182099e-20 -5.163831e-20
-4.030000e-01 8.191975e-20 -5.171516e-20
-4.020000e-01 8.201903e-20 -5.179238e-20
-4.010000e-01 8.211886e-20 -5.186998e-20
-4.000000e-01 8.221922e-20 -5.194796e-20
-3.990000e-01 8.232014e-20 -5.202631e-20
-3.980000e-01 8.242161e-20 -5.210505e-20
-3.970000e-01 8.252363e-20 -5.218418e-20
-3.960000e-01 8.262622e-20 -5.226370e-20
-3.950000e-01 8.272937e-20 -5.234360e-20
-3.940000e-01 8.283310e-20 -5.242390e-20
-3.930000e-01 8.293740e-20 -5.250460e-20
-3.920000e-01 8.304228e-20 -5.258570e-20
-3.910000e-01 8.314776e-20 -5.266720e-20
-3.900000e-01 8.325382e-20 -5.274910e-20
-3.890000e-01 8.336048e-20 -5.283142e-20
-3.880000e-01 8.346774e-20 -5.291414e-20
-3.870000e-01 8.357561e-20 -5.299728e-20
-3.860000e-01 8.368409e-20 -5.308084e-20
-3.850000e-01 8.379319e-20 -5.316482e-20
-3.840000e-01 8.390291e-20 -5.324923e-20
-3.830000e-01 8.401326e-20 -5.333406e-20
-3.820000e-01 8.412425e-20 -5.341932e-20
-3.810000e-01 8.423587e-20 -5.350502e-20
-3.800000e-01 8.434814e-20 -5.359115e-20
-3.790000e-01 8.446107e-20 -5.367772e-20
-3.780000e-01 8.457465e-20 -5.376473e-20
-3.770000e-01 8.468890e-20 -5.385220e-20
-3.760000e-01 8.480381e-20 -5.394011e-20
-3.750000e-01 8.491940e-20 -5.402847e-20
-3.740000e-01 8.503568e-20 -5.411729e-20
-3.730000e-01 8.515264e-20 -5.420658e-20
-3.720000e-01 8.527029e-20 -5.429632e-20
-3.710000e-01 8.538865e-20 -5.438654e-20
-3.700000e-01 8.550771e-20 -5.447722e-20
-3.690000e-01 8.562749e-20 -5.456838e-20
-3.680000e-01 8.574799e-20 -5.466001e-20
-3.670000e-01 8.586921e-20 -5.475213e-20
-3.660000e-01 8.599117e-20 -5.484473e-20
-3.650000e-01 8.611387e-20 -5.493783e-20
-3.640000e-01 8.623732e-20 -5.503141e-20
-3.630000e-01 8.636152e-20 -5.512549e-20
-3.620000e-01 8.648648e-20 -5.522007e-20
-3.610000e-01 8.661222e-20 -5.531516e-20
-3.600000e-01 8.673873e-20 -5.541076e-20
-3.590000e-01 8.686602e-20 -5.550686e-20
-3.580000e-01 8.699410e-20 -5.560349e-20
-3.570000e-01 8.712299e-20 -5.570063e-20
-3.560000e-01 8.725268e-20 -5.579830e-20
-3.550000e-01 8.738318e-20 -5.589649e-20
-3.540000e-01 8.751451e-20 -5.599522e-20
-3.530000e-01 8.764666e-20 -5.609449e-20
-3.520000e-01 8.777966e-20 -5.619429e-20
-3.510000e-01 8.791350e-20 -5.629464e-20
-3.500000e-01 8.804820e-20 -5.639554e-20
-3.490000e-01 8.818376e-20 -5.649700e-20
-3.480000e-01 8.832019e-20 -5.659901e-20
-3.470000e-01 8.845750e-20 -5.670159e-20
-3.460000e-01 8.859570e-20 -5.680473e-20
-3.450000e-01 8.873480e-20 -5.690845e-20
-3.440000e-01 8.887480e-20 -5.701274e-20
-3.430000e-01 8.901573e-20 -5.711761e-20
-3.420000e-01 8.915757e-20 -5.722307e-20
-3.410000e-01 8.930035e-20 -5.732912e-20
-3.400000e-01 8.944408e-20 -5.743576e-20
-3.390000e-01 8.958876e-20 -5.754301e-20
-3.380000e-01 8.973440e-20 -5.765086e-20
-3.370000e-01 8.988102e-20 -5.775932e-20
-3.360000e-01 9.002862e-20 -5.786839e-20
-3.350000e-01 9.017721e-20 -5.797809e-20
-3.340000e-01 9.032681e-20 -5.808841e-20
-3.330000e-01 9.047742e-20 -5.819936e-20
-3.320000e-01 9.062905e-20 -5.831094e-20
-3.310000e-01 9.078173e-20 -5.842317e-20
-3.300000e-01 9.093544e-20 -5.853604e-20
-3.290000e-01 9.109022e-20 -5.864956e-20
-3.280000e-01 9.124606e-20 -5.876374e-20
-3.270000e-01 9.140298e-20 -5.887858e-20
-3.260000e-01 9.156099e-20 -5.899409e-20
-3.250000e-01 9.172011e-20 -5.911027e-20
-3.240000e-01 9.188034e-20 -5.922713e-20
-3.230000e-01 9.204170e-20 -5.934468e-20
-3.220000e-01 9.220419e-20 -5.946291e-20
-3.210000e-01 9.236784e-20 -5.958185e-20
-3.200000e-01 9.253265e-20 -5.970148e-20
-3.190000e-01 9.269863e-20 -5.982182e-20
-3.180000e-01 9.286581e-20 -5.994288e-20
-3.170000e-01 9.303418e-20 -6.006465e-20
-3.160000e-01 9.320377e-20 -6.018715e-20
-3.150000e-01 9.337459e-20 -6.031039e-20
-3.140000e-01 9.354666e-20 -6.043436e-20
-3.130000e-01 9.371997e-20 -6.055908e-20
-3.120000e-01 9.389456e-20 -6.068454e-20
-3.110000e-01 9.407043e-20 -6.081077e-20
-3.100000e-01 9.424760e-20 -6.093776e-20
-3.090000e-01 9.442609e-20 -6.106552e-20
-3.080000e-01 9.460590e-20 -6.119406e-20
-3.070000e-01 9.478705e-20 -6.132338e-20
-3.060000e-01 9.496956e-20 -6.145349e-20
-3.050000e-01 9.515345e-20 -6.158441e-20
-3.040000e-01 9.533872e-20 -6.171612e-20
-3.030000e-01 9.552540e-20 -6.184865e-20
-3.020000e-01 9.571351e-20 -6.198200e-20
-3.010000e-01 9.590305e-20 -6.211617e-20
-3.000000e-01 9.609404e-20 -6.225117e-20
-2.990000e-01 9.628651e-20 -6.238702e-20
-2.980000e-01 9.648047e-20 -6.252372e-20
-2.970000e-01 9.667594e-20 -6.266127e-20
-2.960000e-01 9.687292e-20 -6.279968e-20
-2.950000e-01 9.707146e-20 -6.293896e-20
-2.940000e-01 9.727155e-20 -6.307912e-20
-2.930000e-01 9.747322e-20 -6.322017e-20
-2.920000e-01 9.767649e-20 -6.336212e-20
-2.910000e-01 9.788138e-20 -6.350496e-20
-2.900000e-01 9.808791e-20 -6.364872e-20
-2.890000e-01 9.829609e-20 -6.379339e-20
-2.880000e-01 9.850595e-20 -6.393899e-20
-2.870000e-01 9.871751e-20 -6.408552e-20
-2.860000e-01 9.893079e-20 -6.423300e-20
-2.850000e-01 9.914581e-20 -6.438143e-20
-2.840000e-01 9.936259e-20 -6.453082e-20
-2.830000e-01 9.958115e-20 -6.468118e-20
-2.820000e-01 9.980152e-20 -6.483252e-20
-2.810000e-01 1.000237e-19 -6.498484e-20
-2.800000e-01 1.002478e-19 -6.513816e-20
-2.790000e-01 1.004737e-19 -6.529249e-20
-2.780000e-01 1.007015e-19 -6.544782e-20
-2.770000e-01 1.009312e-19 -6.560418e-20
-2.760000e-01 1.011629e-19 -6.576158e-20
-2.750000e-01 1.013966e-19 -6.592001e-20
-2.740000e-01 1.016322e-19 -6.607950e-20
-2.730000e-01 1.018699e-19 -6.624005e-20
-2.720000e-01 1.021097e-19 -6.640167e-20
-2.710000e-01 1.023515e-19 -6.656436e-20
-2.700000e-01 1.025954e-19 -6.672815e-20
-2.690000e-01 1.028414e-19 -6.689305e-20
-2.680000e-01 1.030896e-19 -6.705905e-20
-2.670000e-01 1.033400e-19 -6.722617e-20
-2.660000e-01 1.035926e-19 -6.739442e-20
-2.650000e-01 1.038474e-19 -6.756382e-20
-2.640000e-01 1.041045e-19 -6.773437e-20
-2.630000e-01 1.043640e-19 -6.790608e-20
-2.620000e-01 1.046257e-19 -6.807897e-20
-2.610000e-01 1.048899e-19 -6.825304e-20
-2.600000e-01 1.051564e-19 -6.842830e-20
-2.590000e-01 1.054254e-19 -6.860478e-20
-2.580000e-01 1.056968e-19 -6.878247e-20
-2.570000e-01 1.059707e-19 -6.896140e-20
-2.560000e-01 1.062472e-19 -6.914156e-20
-2.550000e-01 1.065262e-19 -6.932298e-20
-2.540000e-01 1.068079e-19 -6.950566e-20
-2.530000e-01 1.070922e-19 -6.968962e-20
-2.520000e-01 1.073791e-19 -6.987487e-20
-2.510000e-01 1.076688e-19 -7.006141e-20
-2.500000e-01 1.079613e-19 -7.024927e-20
-2.490000e-01 1.082565e-19 -7.043846e-20
-2.480000e-01 1.085546e-19 -7.062898e-20
-2.470000e-01 1.088555e-19 -7.082086e-20
-2.460000e-01 1.091594e-19 -7.101409e-20
-2.450000e-01 1.094663e-19 -7.120871e-20
-2.440000e-01 1.097761e-19 -7.140471e-20
-2.430000e-01 1.100890e-19 -7.160211e-20
-2.420000e-01 1.104050e-19 -7.180093e-20
-2.410000e-01 1.107241e-19 -7.200117e-20
-2.400000e-01 1.110464e-19 -7.220286e-20
-2.390000e-01 1.113719e-19 -7.240600e-20
-2.380000e-01 1.117007e-19 -7.261061e-20
-2.370000e-01 1.120329e-19 -7.281670e-20
-2.360000e-01 1.123684e-19 -7.302429e-20
-2.350000e-01 1.127074e-19 -7.323339e-20
-2.340000e-01 1.130498e-19 -7.344401e-20
-2.330000e-01 1.133958e-19 -7.365617e-20
-2.320000e-01 1.137453e-19 -7.386989e-20
-2.310000e-01 1.140986e-19 -7.408517e-20
-2.300000e-01 1.144555e-19 -7.430204e-20
-2.290000e-01 1.148162e-19 -7.452050e-20
-2.280000e-01 1.151807e-19 -7.474057e-20
-2.270000e-01 1.155490e-19 -7.496227e-20
-2.260000e-01 1.159214e-19 -7.518561e-20
-2.250000e-01 1.162977e-19 -7.541061e-20
-2.240000e-01 1.166781e-19 -7.563728e-20
-2.230000e-01 1.170626e-19 -7.586564e-20
-2.220000e-01 1.174513e-19 -7.609570e-20
-2.210000e-01 1.178443e-19 -7.632747e-20
-2.200000e-01 1.182416e-19 -7.656099e-20
-2.190000e-01 1.186434e-19 -7.679625e-20
-2.180000e-01 1.190496e-19 -7.703328e-20
-2.170000e-01 1.194603e-19 -7.727208e-20
-2.160000e-01 1.198757e-19 -7.751269e-20
-2.150000e-01 1.202958e-19 -7.775511e-20
-2.140000e-01 1.207207e-19 -7.799936e-20
-2.130000e-01 1.211504e-19 -7.824545e-20
-2.120000e-01 1.215851e-19 -7.849341e-20
-2.110000e-01 1.220248e-19 -7.874324e-20
-2.100000e-01 1.224697e-19 -7.899497e-20
-2.090000e-01 1.229197e-19 -7.924861e-20
-2.080000e-01 1.233751e-19 -7.950417e-20
-2.070000e-01 1.238358e-19 -7.976168e-20
-2.060000e-01 1.243020e-19 -8.002115e-20
-2.050000e-01 1.247737e-19 -8.028260e-20
-2.040000e-01 1.252512e-19 -8.054604e-20
-2.030000e-01 1.257344e-19 -8.081149e-20
-2.020000e-01 1.262235e-19 -8.107896e-20
-2.010000e-01 1.267185e-19 -8.134848e-20
-2.000000e-01 1.272197e-19 -8.162006e-20
-1.990000e-01 1.277271e-19 -8.189371e-20
-1.980000e-01 1.282407e-19 -8.216945e-20
-1.970000e-01 1.287608e-19 -8.244730e-20
-1.960000e-01 1.292874e-19 -8.272727e-20
-1.950000e-01 1.298207e-19 -8.300938e-20
-1.940000e-01 1.303607e-19 -8.329364e-20
-1.930000e-01 1.309077e-19 -8.358008e-20
-1.920000e-01 1.314617e-19 -8.386870e-20
-1.910000e-01 1.320229e-19 -8.415952e-20
-1.900000e-01 1.325914e-19 -8.445256e-20
-1.890000e-01 1.331673e-19 -8.474783e-20
-1.880000e-01 1.337508e-19 -8.504534e-20
-1.870000e-01 1.343421e-19 -8.534511e-20
-1.860000e-01 1.349412e-19 -8.564715e-20
-1.850000e-01 1.355484e-19 -8.595148e-20
-1.840000e-01 1.361637e-19 -8.625812e-20
-1.830000e-01 1.367874e-19 -8.656706e-20
-1.820000e-01 1.374197e-19 -8.687833e-20
-1.810000e-01 1.380606e-19 -8.719193e-20
-1.800000e-01 1.387103e-19 -8.750788e-20
-1.790000e-01 1.393691e-19 -8.782619e-20
-1.780000e-01 1.400371e-19 -8.814686e-20
-1.770000e-01 1.407145e-19 -8.846992e-20
-1.760000e-01 1.414015e-19 -8.879536e-20
-1.750000e-01 1.420983e-19 -8.912319e-20
-1.740000e-01 1.428051e-19 -8.945342e-20
-1.730000e-01 1.435220e-19 -8.978606e-20
-1.720000e-01 1.442494e-19 -9.012112e-20
-1.710000e-01 1.449874e-19 -9.045859e-20
-1.700000e-01 1.457363e-19 -9.079847e-20
-1.690000e-01 1.464962e-19 -9.114078e-20
-1.680000e-01 1.472675e-19 -9.148552e-20
-1.670000e-01 1.480503e-19 -9.183267e-20
-1.660000e-01 1.488449e-19 -9.218224e-20
-1.650000e-01 1.496516e-19 -9.253423e-20
-1.640000e-01 1.504706e-19 -9.288863e-20
-1.630000e-01 1.513022e-19 -9.324543e-20
-1.620000e-01 1.521467e-19 -9.360462e-20
-1.610000e-01 1.530043e-19 -9.396621e-20
-1.600000e-01 1.538753e-19 -9.433016e-20
-1.590000e-01 1.547602e-19 -9.469647e-20
-1.580000e-01 1.556590e-19 -9.506512e-20
-1.570000e-01 1.565723e-19 -9.543608e-20
-1.560000e-01 1.575003e-19 -9.580935e-20
-1.550000e-01 1.584433e-19 -9.618489e-20
-1.540000e-01 1.594017e-19 -9.656267e-20
-1.530000e-01 1.603758e-19 -9.694266e-20
-1.520000e-01 1.613661e-19 -9.732483e-20
-1.510000e-01 1.623728e-19 -9.770914e-20
-1.500000e-01 1.633965e-19 -9.809555e-20
-1.490000e-01 1.644374e-19 -9.848400e-20
-1.480000e-01 1.654960e-19 -9.887446e-20
-1.470000e-01 1.665727e-19 -9.926686e-20
-1.460000e-01 1.676680e-19 -9.966115e-20
-1.450000e-01 1.687823e-19 -1.000572e-19
-1.440000e-01 1.699161e-19 -1.004551e-19
-1.430000e-01 1.710699e-19 -1.008546e-19
-1.420000e-01 1.722440e-19 -1.012557e-19
-1.410000e-01 1.734392e-19 -1.016583e-19
-1.400000e-01 1.746558e-19 -1.020624e-19
-1.390000e-01 1.758945e-19 -1.024677e-19
-1.380000e-01 1.771557e-19 -1.028742e-19
-1.370000e-01 1.784402e-19 -1.032817e-19
-1.360000e-01 1.797483e-19 -1.036902e-19
-1.350000e-01 1.810809e-19 -1.040995e-19
-1.340000e-01 1.824384e-19 -1.045094e-19
-1.330000e-01 1.838216e-19 -1.049198e-19
-1.320000e-01 1.852311e-19 -1.053306e-19
-1.310000e-01 1.866677e-19 -1.057414e-19
-1.300000e-01 1.881320e-19 -1.061522e-19
-1.290000e-01 1.896248e-19 -1.065628e-19
-1.280000e-01 1.911469e-19 -1.069728e-19
-1.270000e-01 1.926990e-19 -1.073821e-19
-1.260000e-01 1.942820e-19 -1.077903e-19
-1.250000e-01 1.958967e-19 -1.081973e-19
-1.240000e-01 1.975440e-19 -1.086027e-19
-1.230000e-01 1.992248e-19 -1.090063e-19
-1.220000e-01 2.009400e-19 -1.094076e-19
-1.210000e-01 2.026907e-19 -1.098063e-19
-1.200000e-01 2.044777e-19 -1.102021e-19
-1.190000e-01 2.063022e-19 -1.105945e-19
-1.180000e-01 2.081651e-19 -1.109831e-19
-1.170000e-01 2.100677e-19 -1.113674e-19
-1.160000e-01 2.120110e-19 -1.117469e-19
-1.150000e-01 2.139963e-19 -1.121211e-19
-1.140000e-01 2.160247e-19 -1.124895e-19
-1.130000e-01 2.180976e-19 -1.128513e-19
-1.120000e-01 2.202162e-19 -1.132061e-19
-1.110000e-01 2.223819e-19 -1.135530e-19
-1.100000e-01 2.245961e-19 -1.138914e-19
-1.090000e-01 2.268602e-19 -1.142204e-19
-1.080000e-01 2.291758e-19 -1.145392e-19
-1.070000e-01 2.315445e-19 -1.148470e-19
-1.060000e-01 2.339678e-19 -1.151428e-19
-1.050000e-01 2.364473e-19 -1.154254e-19
-1.040000e-01 2.389849e-19 -1.156940e-19
-1.030000e-01 2.415824e-19 -1.159472e-19
-1.020000e-01 2.442415e-19 -1.161839e-19
-1.010000e-01 2.469642e-19 -1.164026e-19
-1.000000e-01 2.497524e-19 -1.166021e-19
-9.900000e-02 2.526083e-19 -1.167807e-19
-9.800000e-02 2.555339e-19 -1.169369e-19
-9.700000e-02 2.585315e-19 -1.170688e-19
-9.600000e-02 2.616033e-19 -1.171747e-19
-9.500000e-02 2.647517e-19 -1.172525e-19
-9.400000e-02 2.679791e-19 -1.173002e-19
-9.300000e-02 2.712879e-19 -1.173154e-19
-9.200000e-02 2.746809e-19 -1.172957e-19
-9.100000e-02 2.781606e-19 -1.172385e-19
-9.000000e-02 2.817299e-19 -1.171410e-19
-8.900000e-02 2.853915e-19 -1.170002e-19
-8.800000e-02 2.891485e-19 -1.168129e-19
-8.700000e-02 2.930038e-19 -1.165756e-19
-8.600000e-02 2.969606e-19 -1.162847e-19
-8.500000e-02 3.010220e-19 -1.159362e-19
-8.400000e-02 3.051914e-19 -1.155258e-19
-8.300000e-02 3.094721e-19 -1.150490e-19
-8.200000e-02 3.138675e-19 -1.145010e-19
-8.100000e-02 3.183813e-19 -1.138764e-19
-8.000000e-02 3.230170e-19 -1.131697e-19
-7.900000e-02 3.277782e-19 -1.123747e-19
-7.800000e-02 3.326688e-19 -1.114850e-19
-7.700000e-02 3.376925e-19 -1.104937e-19
-7.600000e-02 3.428531e-19 -1.093931e-19
-7.500000e-02 3.481545e-19 -1.081752e-19
-7.400000e-02 3.536006e-19 -1.068314e-19
-7.300000e-02 3.591952e-19 -1.053523e-19
-7.200000e-02 3.649421e-19 -1.037279e-19
-7.100000e-02 3.708451e-19 -1.019474e-19
-7.000000e-02 3.769079e-19 -9.999904e-20
-6.900000e-02 3.831340e-19 -9.787046e-20
-6.800000e-02 3.895268e-19 -9.554815e-20
-6.700000e-02 3.960894e-19 -9.301761e-20
-6.600000e-02 4.028246e-19 -9.026326e-20
-6.500000e-02 4.097350e-19 -8.726830e-20
-6.400000e-02 4.168226e-19 -8.401468e-20
-6.300000e-02 4.240890e-19 -8.048295e-20
-6.200000e-02 4.315350e-19 -7.665221e-20
-6.100000e-02 4.391607e-19 -7.249997e-20
-6.000000e-02 4.469655e-19 -6.800205e-20
-5.900000e-02 4.549475e-19 -6.313247e-20
-5.800000e-02 4.631036e-19 -5.786334e-20
-5.700000e-02 4.714292e-19 -5.216472e-20
-5.600000e-02 4.799182e-19 -4.600449e-20
-5.500000e-02 4.885622e-19 -3.934827e-20
-5.400000e-02 4.973507e-19 -3.215927e-20
-5.300000e-02 5.062705e-19 -2.439817e-20
-5.200000e-02 5.153054e-19 -1.602303e-20
-5.100000e-02 5.244355e-19 -6.989222e-21
-5.000000e-02 5.336369e-19 2.750676e-21
-4.900000e-02 5.428811e-19 1.324689e-20
-4.800000e-02 5.521345e-19 2.455248e-20
-4.700000e-02 5.613571e-19 3.672324e-20
-4.600000e-02 5.705023e-19 4.981764e-20
-4.500000e-02 5.795157e-19 6.389663e-20
-4.400000e-02 5.883343e-19 7.902332e-20
-4.300000e-02 5.968853e-19 9.526263e-20
-4.200000e-02 6.050848e-19 1.126807e-19
-4.100000e-02 6.128368e-19 1.313442e-19
-4.000000e-02 6.200319e-19 1.513193e-19
-3.900000e-02 6.265457e-19 1.726708e-19
-3.800000e-02 6.322375e-19 1.954603e-19
-3.700000e-02 6.369492e-19 2.197446e-19
-3.600000e-02 6.405032e-19 2.455738e-19
-3.500000e-02 6.427021e-19 2.729884e-19
-3.400000e-02 6.433269e-19 3.020163e-19
-3.300000e-02 6.421364e-19 3.326696e-19
-3.200000e-02 6.388669e-19 3.649404e-19
-3.100000e-02 6.332323e-19 3.987963e-19
-3.000000e-02 6.249247e-19 4.341755e-19
-2.900000e-02 6.136160e-19 4.709811e-19
-2.800000e-02 5.989606e-19 5.090751e-19
-2.700000e-02 5.805991e-19 5.482725e-19
-2.600000e-02 5.581634e-19 5.883345e-19
-2.500000e-02 5.312838e-19 6.289624e-19
-2.400000e-02 4.995969e-19 6.697918e-19
-2.300000e-02 4.627562e-19 7.103866e-19
-2.200000e-02 4.204441e-19 7.502351e-19
-2.100000e-02 3.723864e-19 7.887473e-19
-2.000000e-02 3.183675e-19 8.252529e-19
-1.900000e-02 2.582482e-19 8.590037e-19
-1.800000e-02 1.919843e-19 8.891767e-19
-1.700000e-02 1.196464e-19 9.148821e-19
-1.600000e-02 4.143978e-20 9.351740e-19
-1.500000e-02 -4.227582e-20 9.490655e-19
-1.400000e-02 -1.309673e-19 9.555487e-19
-1.300000e-02 -2.239112e-19 9.536182e-19
-1.200000e-02 -3.201795e-19 9.423013e-19
-1.100000e-02 -4.186293e-19 9.206914e-19
-1.000000e-02 -5.178986e-19 8.879883e-19
-9.000000e-03 -6.164075e-19 8.435417e-19
-8.000000e-03 -7.123708e-19 7.869000e-19
-7.000000e-03 -8.038199e-19 7.178622e-19
-6.000000e-03 -8.886397e-19 6.365305e-19
-5.000000e-03 -9.646212e-19 5.433617e-19
-4.000000e-03 -1.029533e-18 4.392125e-19
-3.000000e-03 -1.081211e-18 3.253731e-19
-2.000000e-03 -1.117667e-18 2.035824e-19
-1.000000e-03 -1.137210e-18 7.601662e-20
0.000000e+00 -1.138574e-18 -5.475475e-20
1.000000e-03 -1.121040e-18 -1.858524e-19
2.000000e-03 -1.084541e-18 -3.142093e-19
3.000000e-03 -1.029721e-18 -4.367275e-19
4.000000e-03 -9.579462e-19 -5.504569e-19
5.000000e-03 -8.712616e-19 -6.527778e-19
6.000000e-03 -7.722714e-19 -7.415648e-19
7.000000e-03 -6.639772e-19 -8.153107e-19
8.000000e-03 -5.495792e-19 -8.731933e-19
9.000000e-03 -4.322694e-19 -9.150798e-19
1.000000e-02 -3.150427e-19 -9.414692e-19
1.100000e-02 -2.005456e-19 -9.533890e-19
1.200000e-02 -9.097498e-20 -9.522620e-19
1.300000e-02 1.196960e-20 -9.397640e-19
1.400000e-02 1.070869e-19 -9.176892e-19
1.500000e-02 1.936372e-19 -8.878362e-19
1.600000e-02 2.712821e-19 -8.519191e-19
1.700000e-02 3.400117e-19 -8.115070e-19
1.800000e-02 4.000692e-19 -7.679881e-19
1.900000e-02 4.518815e-19 -7.225545e-19
2.000000e-02 4.959972e-19 -6.762025e-19
2.100000e-02 5.330367e-19 -6.297439e-19
2.200000e-02 5.636516e-19 -5.838231e-19
2.300000e-02 5.884956e-19 -5.389377e-19
2.400000e-02 6.082034e-19 -4.954596e-19
2.500000e-02 6.233760e-19 -4.536556e-19
2.600000e-02 6.345727e-19 -4.137065e-19
2.700000e-02 6.423062e-19 -3.757232e-19
2.800000e-02 6.470416e-19 -3.397619e-19
2.900000e-02 6.491965e-19 -3.058355e-19
3.000000e-02 6.491431e-19 -2.739244e-19
3.100000e-02 6.472113e-19 -2.439844e-19
3.200000e-02 6.436919e-19 -2.159535e-19
3.300000e-02 6.388399e-19 -1.897574e-19
3.400000e-02 6.328784e-19 -1.653137e-19
3.500000e-02 6.260015e-19 -1.425349e-19
3.600000e-02 6.183778e-19 -1.213316e-19
3.700000e-02 6.101532e-19 -1.016138e-19
3.800000e-02 6.014538e-19 -8.329264e-20
3.900000e-02 5.923880e-19 -6.628162e-20
4.000000e-02 5.830489e-19 -5.049705e-20
4.100000e-02 5.735164e-19 -3.585873e-20
4.200000e-02 5.638583e-19 -2.229025e-20
4.300000e-02 5.541327e-19 -9.719175e-21
4.400000e-02 5.443884e-19 1.922891e-21
4.500000e-02 5.346668e-19 1.270031e-20
4.600000e-02 5.250027e-19 2.267349e-20
4.700000e-02 5.154248e-19 3.189897e-20
4.800000e-02 5.059573e-19 4.042960e-20
4.900000e-02 4.966198e-19 4.831468e-20
5.000000e-02 4.874283e-19 5.560016e-20
5.100000e-02 4.783956e-19 6.232880e-20
5.200000e-02 4.695317e-19 6.854037e-20
5.300000e-02 4.608444e-19 7.427182e-20
5.400000e-02 4.523394e-19 7.955747e-20
5.500000e-02 4.440208e-19 8.442918e-20
5.600000e-02 4.358911e-19 8.891654e-20
5.700000e-02 4.279515e-19 9.304696e-20
5.800000e-02 4.202025e-19 9.684589e-20
5.900000e-02 4.126435e-19 1.003369e-19
6.000000e-02 4.052730e-19 1.035420e-19
6.100000e-02 3.980891e-19 1.064814e-19
6.200000e-02 3.910894e-19 1.091739e-19
6.300000e-02 3.842711e-19 1.116370e-19
6.400000e-02 3.776309e-19 1.138869e-19
6.500000e-02 3.711654e-19 1.159387e-19
6.600000e-02 3.648709e-19 1.178062e-19
6.700000e-02 3.587436e-19 1.195024e-19
6.800000e-02 3.527796e-19 1.210394e-19
6.900000e-02 3.469747e-19 1.224284e-19
7.000000e-02 3.413251e-19 1.236795e-19
7.100000e-02 3.358265e-19 1.248026e-19
7.200000e-02 3.304749e-19 1.258065e-19
7.300000e-02 3.252662e-19 1.266995e-19
7.400000e-02 3.201964e-19 1.274895e-19
7.500000e-02 3.152615e-19 1.281835e-19
7.600000e-02 3.104576e-19 1.287882e-19
7.700000e-02 3.057809e-19 1.293099e-19
7.800000e-02 3.012275e-19 1.297544e-19
7.900000e-02 2.967938e-19 1.301270e-19
8.000000e-02 2.924761e-19 1.304328e-19
8.100000e-02 2.882710e-19 1.306764e-19
8.200000e-02 2.841750e-19 1.308623e-19
8.300000e-02 2.801848e-19 1.309944e-19
8.400000e-02 2.762970e-19 1.310765e-19
8.500000e-02 2.725087e-19 1.311122e-19
8.600000e-02 2.688166e-19 1.311047e-19
8.700000e-02 2.652178e-19 1.310572e-19
8.800000e-02 2.617095e-19 1.309724e-19
8.900000e-02 2.582889e-19 1.308531e-19
9.000000e-02 2.549531e-19 1.307018e-19
9.100000e-02 2.516998e-19 1.305207e-19
9.200000e-02 2.485262e-19 1.303121e-19
9.300000e-02 2.454300e-19 1.300780e-19
9.400000e-02 2.424088e-19 1.298203e-19
9.500000e-02 2.394602e-19 1.295408e-19
9.600000e-02 2.365821e-19 1.292411e-19
9.700000e-02 2.337724e-19 1.289227e-19
9.800000e-02 2.310289e-19 1.285872e-19
9.900000e-02 2.283497e-19 1.282358e-19
1.000000e-01 2.257329e-19 1.278699e-19
1.010000e-01 2.231765e-19 1.274907e-19
1.020000e-01 2.206788e-19 1.270991e-19
1.030000e-01 2.182380e-19 1.266964e-19
1.040000e-01 2.158524e-19 1.262834e-19
1.050000e-01 2.135204e-19 1.258610e-19
1.060000e-01 2.112405e-19 1.254301e-19
1.070000e-01 2.090111e-19 1.249915e-19
1.080000e-01 2.068308e-19 1.245460e-19
1.090000e-01 2.046981e-19 1.240942e-19
1.100000e-01 2.026116e-19 1.236368e-19
1.110000e-01 2.005701e-19 1.231743e-19
1.120000e-01 1.985723e-19 1.227075e-19
1.130000e-01 1.966169e-19 1.222367e-19
1.140000e-01 1.947027e-19 1.217625e-19
1.150000e-01 1.928286e-19 1.212854e-19
1.160000e-01 1.909935e-19 1.208057e-19
1.170000e-01 1.891963e-19 1.203240e-19
1.180000e-01 1.874358e-19 1.198405e-19
1.190000e-01 1.857112e-19 1.193556e-19
1.200000e-01 1.840215e-19 1.188698e-19
1.210000e-01 1.823657e-19 1.183832e-19
1.220000e-01 1.807428e-19 1.178961e-19
1.230000e-01 1.791520e-19 1.174089e-19
1.240000e-01 1.775925e-19 1.169218e-19
1.250000e-01 1.760635e-19 1.164350e-19
1.260000e-01 1.745640e-19 1.159488e-19
1.270000e-01 1.730934e-19 1.154633e-19
1.280000e-01 1.716508e-19 1.149787e-19
1.290000e-01 1.702356e-19 1.144953e-19
1.300000e-01 1.688471e-19 1.140131e-19
1.310000e-01 1.674846e-19 1.135324e-19
1.320000e-01 1.661473e-19 1.130532e-19
1.330000e-01 1.648347e-19 1.125757e-19
1.340000e-01 1.635462e-19 1.121001e-19
1.350000e-01 1.622811e-19 1.116264e-19
1.360000e-01 1.610389e-19 1.111547e-19
1.370000e-01 1.598190e-19 1.106852e-19
1.380000e-01 1.586208e-19 1.102179e-19
1.390000e-01 1.574438e-19 1.097529e-19
1.400000e-01 1.562875e-19 1.092903e-19
1.410000e-01 1.551514e-19 1.088301e-19
1.420000e-01 1.540351e-19 1.083725e-19
1.430000e-01 1.529379e-19 1.079174e-19
1.440000e-01 1.518596e-19 1.074650e-19
1.450000e-01 1.507995e-19 1.070152e-19
1.460000e-01 1.497574e-19 1.065682e-19
1.470000e-01 1.487328e-19 1.061238e-19
1.480000e-01 1.477252e-19 1.056823e-19
1.490000e-01 1.467344e-19 1.052436e-19
1.500000e-01 1.457598e-19 1.048078e-19
1.510000e-01 1.448012e-19 1.043748e-19
1.520000e-01 1.438581e-19 1.039446e-19
1.530000e-01 1.429302e-19 1.035174e-19
1.540000e-01 1.420172e-19 1.030932e-19
1.550000e-01 1.411188e-19 1.026718e-19
1.560000e-01 1.402346e-19 1.022534e-19
1.570000e-01 1.393642e-19 1.018379e-19
1.580000e-01 1.385075e-19 1.014254e-19
1.590000e-01 1.376641e-19 1.010158e-19
1.600000e-01 1.368337e-19 1.006092e-19
1.610000e-01 1.360160e-19 1.002056e-19
1.620000e-01 1.352107e-19 9.980491e-20
1.630000e-01 1.344177e-19 9.940717e-20
1.640000e-01 1.336366e-19 9.901238e-20
1.650000e-01 1.328671e-19 9.862053e-20
1.660000e-01 1.321091e-19 9.823161e-20
1.670000e-01 1.313623e-19 9.784562e-20
1.680000e-01 1.306264e-19 9.746254e-20
1.690000e-01 1.299013e-19 9.708237e-20
1.700000e-01 1.291867e-19 9.670508e-20
1.710000e-01 1.284824e-19 9.633068e-20
1.720000e-01 1.277882e-19 9.595914e-20
1.730000e-01 1.271038e-19 9.559045e-20
1.740000e-01 1.264292e-19 9.522460e-20
1.750000e-01 1.257640e-19 9.486158e-20
1.760000e-01 1.251081e-19 9.450135e-20
1.770000e-01 1.244614e-19 9.414392e-20
1.780000e-01 1.238236e-19 9.378926e-20
1.790000e-01 1.231945e-19 9.343735e-20
1.800000e-01 1.225740e-19 9.308818e-20
1.810000e-01 1.219620e-19 9.274172e-20
1.820000e-01 1.213582e-19 9.239797e-20
1.830000e-01 1.207625e-19 9.205689e-20
1.840000e-01 1.201748e-19 9.171848e-20
1.850000e-01 1.195949e-19 9.138271e-20
1.860000e-01 1.190226e-19 9.104956e-20
1.870000e-01 1.184578e-19 9.071901e-20
1.880000e-01 1.179004e-19 9.039105e-20
1.890000e-01 1.173502e-19 9.006564e-20
1.900000e-01 1.168071e-19 8.974278e-20
1.910000e-01 1.162710e-19 8.942244e-20
1.920000e-01 1.157417e-19 8.910460e-20
1.930000e-01 1.152191e-19 8.878924e-20
1.940000e-01 1.147031e-19 8.847634e-20
1.950000e-01 1.141935e-19 8.816587e-20
1.960000e-01 1.136903e-19 8.785783e-20
1.970000e-01 1.131934e-19 8.755218e-20
1.980000e-01 1.127026e-19 8.724891e-20
1.990000e-01 1.122178e-19 8.694800e-20
2.000000e-01 1.117389e-19 8.664942e-20
2.010000e-01 1.112658e-19 8.635315e-20
2.020000e-01 1.107984e-19 8.605918e-20
2.030000e-01 1.103367e-19 8.576748e-20
2.040000e-01 1.098804e-19 8.547804e-20
2.050000e-01 1.094296e-19 8.519083e-20
2.060000e-01 1.089841e-19 8.490583e-20
2.070000e-01 1.085438e-19 8.462302e-20
2.080000e-01 1.081087e-19 8.434238e-20
2.090000e-01 1.076786e-19 8.406390e-20
2.100000e-01 1.072535e-19 8.378755e-20
2.110000e-01 1.068333e-19 8.351331e-20
2.120000e-01 1.064179e-19 8.324117e-20
2.130000e-01 1.060072e-19 8.297109e-20
2.140000e-01 1.056012e-19 8.270308e-20
2.150000e-01 1.051997e-19 8.243709e-20
2.160000e-01 1.048027e-19 8.217312e-20
2.170000e-01 1.044102e-19 8.191115e-20
2.180000e-01 1.040220e-19 8.165116e-20
2.190000e-01 1.036381e-19 8.139312e-20
2.200000e-01 1.032585e-19 8.113703e-20
2.210000e-01 1.028829e-19 8.088285e-20
2.220000e-01 1.025115e-19 8.063058e-20
2.230000e-01 1.021440e-19 8.038020e-20
2.240000e-01 1.017806e-19 8.013168e-20
2.250000e-01 1.014210e-19 7.988501e-20
2.260000e-01 1.010652e-19 7.964017e-20
2.270000e-01 1.007133e-19 7.939715e-20
2.280000e-01 1.003650e-19 7.915593e-20
2.290000e-01 1.000204e-19 7.891648e-20
2.300000e-01 9.967936e-20 7.867880e-20
2.310000e-01 9.934190e-20 7.844286e-20
2.320000e-01 9.900792e-20 7.820865e-20
2.330000e-01 9.867739e-20 7.797616e-20
2.340000e-01 9.835024e-20 7.774536e-20
2.350000e-01 9.802643e-20 7.751624e-20
2.360000e-01 9.770590e-20 7.728878e-20
2.370000e-01 9.738862e-20 7.706297e-20
2.380000e-01 9.707452e-20 7.683880e-20
2.390000e-01 9.676356e-20 7.661623e-20
2.400000e-01 9.645570e-20 7.639527e-20
2.410000e-01 9.615090e-20 7.617590e-20
2.420000e-01 9.584910e-20 7.595809e-20
2.430000e-01 9.555026e-20 7.574184e-20
2.440000e-01 9.525434e-20 7.552713e-20
2.450000e-01 9.496130e-20 7.531395e-20
2.460000e-01 9.467110e-20 7.510228e-20
2.470000e-01 9.438370e-20 7.489210e-20
2.480000e-01 9.409905e-20 7.468340e-20
2.490000e-01 9.381712e-20 7.447618e-20
2.500000e-01 9.353787e-20 7.427040e-20
2.510000e-01 9.326127e-20 7.406607e-20
2.520000e-01 9.298727e-20 7.386316e-20
2.530000e-01 9.271584e-20 7.366167e-20
2.540000e-01 9.244694e-20 7.346158e-20
2.550000e-01 9.218054e-20 7.326287e-20
2.560000e-01 9.191661e-20 7.306553e-20
2.570000e-01 9.165511e-20 7.286956e-20
2.580000e-01 9.139600e-20 7.267493e-20
2.590000e-01 9.113926e-20 7.248164e-20
2.600000e-01 9.088486e-20 7.228967e-20
2.610000e-01 9.063276e-20 7.209901e-20
2.620000e-01 9.038293e-20 7.190964e-20
2.630000e-01 9.013534e-20 7.172157e-20
2.640000e-01 8.988996e-20 7.153476e-20
2.650000e-01 8.964676e-20 7.134922e-20
2.660000e-01 8.940572e-20 7.116492e-20
2.670000e-01 8.916680e-20 7.098186e-20
2.680000e-01 8.892998e-20 7.080003e-20
2.690000e-01 8.869523e-20 7.061942e-20
2.700000e-01 8.846252e-20 7.044001e-20
2.710000e-01 8.823183e-20 7.026179e-20
2.720000e-01 8.800313e-20 7.008475e-20
2.730000e-01 8.777639e-20 6.990888e-20
2.740000e-01 8.755159e-20 6.973417e-20
2.750000e-01 8.732871e-20 6.956061e-20
2.760000e-01 8.710772e-20 6.938819e-20
2.770000e-01 8.688860e-20 6.921690e-20
2.780000e-01 8.667132e-20 6.904672e-20
2.790000e-01 8.645587e-20 6.887765e-20
2.800000e-01 8.624221e-20 6.870968e-20
2.810000e-01 8.603032e-20 6.854280e-20
2.820000e-01 8.582019e-20 6.837699e-20
2.830000e-01 8.561179e-20 6.821225e-20
2.840000e-01 8.540510e-20 6.804857e-20
2.850000e-01 8.520011e-20 6.788594e-20
2.860000e-01 8.499678e-20 6.772435e-20
2.870000e-01 8.479510e-20 6.756378e-20
2.880000e-01 8.459504e-20 6.740424e-20
2.890000e-01 8.439660e-20 6.724571e-20
2.900000e-01 8.419975e-20 6.708818e-20
2.910000e-01 8.400447e-20 6.693164e-20
2.920000e-01 8.381074e-20 6.677609e-20
2.930000e-01 8.361854e-20 6.662151e-20
2.940000e-01 8.342786e-20 6.646790e-20
2.950000e-01 8.323867e-20 6.631525e-20
2.960000e-01 8.305097e-20 6.616355e-20
2.970000e-01 8.286473e-20 6.601278e-20
2.980000e-01 8.267993e-20 6.586296e-20
2.990000e-01 8.249657e-20 6.571405e-20
3.000000e-01 8.231461e-20 6.556607e-20
3.010000e-01 8.213405e-20 6.541899e-20
3.020000e-01 8.195487e-20 6.527281e-20
3.030000e-01 8.177706e-20 6.512753e-20
3.040000e-01 8.160059e-20 6.498313e-20
3.050000e-01 8.142545e-20 6.483961e-20
3.060000e-01 8.125164e-20 6.469696e-20
3.070000e-01 8.107912e-20 6.455517e-20
3.080000e-01 8.090790e-20 6.441424e-20
3.090000e-01 8.073795e-20 6.427415e-20
3.100000e-01 8.056925e-20 6.413490e-20
3.110000e-01 8.040181e-20 6.399649e-20
3.120000e-01 8.023559e-20 6.385890e-20
3.130000e-01 8.007059e-20 6.372213e-20
3.140000e-01 7.990680e-20 6.358617e-20
3.150000e-01 7.974420e-20 6.345102e-20
3.160000e-01 7.958278e-20 6.331667e-20
3.170000e-01 7.942252e-20 6.318310e-20
3.180000e-01 7.926341e-20 6.305033e-20
3.190000e-01 7.910545e-20 6.291832e-20
3.200000e-01 7.894861e-20 6.278710e-20
3.210000e-01 7.879289e-20 6.265663e-20
3.220000e-01 7.863827e-20 6.252692e-20
3.230000e-01 7.848475e-20 6.239797e-20
3.240000e-01 7.833230e-20 6.226976e-20
3.250000e-01 7.818092e-20 6.214229e-20
3.260000e-01 7.803060e-20 6.201556e-20
3.270000e-01 7.788133e-20 6.188955e-20
3.280000e-01 7.773309e-20 6.176427e-20
3.290000e-01 7.758588e-20 6.163970e-20
3.300000e-01 7.743968e-20 6.151583e-20
3.310000e-01 7.729448e-20 6.139268e-20
3.320000e-01 7.715028e-20 6.127022e-20
3.330000e-01 7.700706e-20 6.114845e-20
3.340000e-01 7.686481e-20 6.102737e-20
3.350000e-01 7.672352e-20 6.090697e-20
3.360000e-01 7.658319e-20 6.078724e-20
3.370000e-01 7.644380e-20 6.066819e-20
3.380000e-01 7.630534e-20 6.054980e-20
3.390000e-01 7.616780e-20 6.043207e-20
3.400000e-01 7.603118e-20 6.031499e-20
3.410000e-01 7.589547e-20 6.019856e-20
3.420000e-01 7.576065e-20 6.008277e-20
3.430000e-01 7.562672e-20 5.996763e-20
3.440000e-01 7.549366e-20 5.985311e-20
3.450000e-01 7.536148e-20 5.973923e-20
3.460000e-01 7.523015e-20 5.962596e-20
3.470000e-01 7.509968e-20 5.951332e-20
3.480000e-01 7.497005e-20 5.940128e-20
3.490000e-01 7.484126e-20 5.928986e-20
3.500000e-01 7.471330e-20 5.917904e-20
3.510000e-01 7.458615e-20 5.906882e-20
3.520000e-01 7.445982e-20 5.895919e-20
3.530000e-01 7.433428e-20 5.885015e-20
3.540000e-01 7.420955e-20 5.874169e-20
3.550000e-01 7.408560e-20 5.863382e-20
3.560000e-01 7.396243e-20 5.852652e-20
3.570000e-01 7.384004e-20 5.841979e-20
3.580000e-01 7.371841e-20 5.831363e-20
3.590000e-01 7.359754e-20 5.820803e-20
3.600000e-01 7.347742e-20 5.810299e-20
3.610000e-01 7.335805e-20 5.799851e-20
3.620000e-01 7.323941e-20 5.789457e-20
3.630000e-01 7.312150e-20 5.779118e-20
3.640000e-01 7.300431e-20 5.768833e-20
3.650000e-01 7.288784e-20 5.758601e-20
3.660000e-01 7.277208e-20 5.748423e-20
3.670000e-01 7.265702e-20 5.738298e-20
3.680000e-01 7.254266e-20 5.728225e-20
3.690000e-01 7.242899e-20 5.718204e-20
3.700000e-01 7.231601e-20 5.708235e-20
3.710000e-01 7.220370e-20 5.698318e-20
3.720000e-01 7.209206e-20 5.688451e-20
3.730000e-01 7.198109e-20 5.678634e-20
3.740000e-01 7.187077e-20 5.668868e-20
3.750000e-01 7.176111e-20 5.659152e-20
3.760000e-01 7.165210e-20 5.649485e-20
3.770000e-01 7.154372e-20 5.639867e-20
3.780000e-01 7.143599e-20 5.630297e-20
3.790000e-01 7.132888e-20 5.620776e-20
3.800000e-01 7.122240e-20 5.611303e-20
3.810000e-01 7.111653e-20 5.601878e-20
3.820000e-01 7.101128e-20 5.592499e-20
3.830000e-01 7.090664e-20 5.583168e-20
3.840000e-01 7.080259e-20 5.573883e-20
3.850000e-01 7.069915e-20 5.564645e-20
3.860000e-01 7.059629e-20 5.555452e-20
3.870000e-01 7.049403e-20 5.546305e-20
3.880000e-01 7.039234e-20 5.537203e-20
3.890000e-01 7.029123e-20 5.528145e-20
3.900000e-01 7.019070e-20 5.519133e-20
3.910000e-01 7.009072e-20 5.510164e-20
3.920000e-01 6.999131e-20 5.501240e-20
3.930000e-01 6.989246e-20 5.492359e-20
3.940000e-01 6.979416e-20 5.483521e-20
3.950000e-01 6.969640e-20 5.474727e-20
3.960000e-01 6.959919e-20 5.465975e-20
3.970000e-01 6.950252e-20 5.457265e-20
3.980000e-01 6.940638e-20 5.448598e-20
3.990000e-01 6.931076e-20 5.439972e-20
4.000000e-01 6.921567e-20 5.431388e-20
4.010000e-01 6.912110e-20 5.422844e-20
4.020000e-01 6.902705e-20 5.414342e-20
4.030000e-01 6.893351e-20 5.405880e-20
4.040000e-01 6.884047e-20 5.397459e-20
4.050000e-01 6.874794e-20 5.389077e-20
4.060000e-01 6.865591e-20 5.380736e-20
4.070000e-01 6.856437e-20 5.372434e-20
4.080000e-01 6.847332e-20 5.364171e-20
4.090000e-01 6.838275e-20 5.355946e-20
4.100000e-01 6.829267e-20 5.347761e-20
4.110000e-01 6.820307e-20 5.339614e-20
4.120000e-01 6.811394e-20 5.331505e-20
4.130000e-01 6.802528e-20 5.323434e-20
4.140000e-01 6.793709e-20 5.315400e-20
4.150000e-01 6.784936e-20 5.307404e-20
4.160000e-01 6.776209e-20 5.299445e-20
4.170000e-01 6.767527e-20 5.291522e-20
4.180000e-01 6.758891e-20 5.283636e-20
4.190000e-01 6.750299e-20 5.275787e-20
4.200000e-01 6.741752e-20 5.267974e-20
4.210000e-01 6.733249e-20 5.260196e-20
4.220000e-01 6.724790e-20 5.252454e-20
4.230000e-01 6.716374e-20 5.244747e-20
4.240000e-01 6.708001e-20 5.237076e-20
4.250000e-01 6.699671e-20 5.229439e-20
4.260000e-01 6.691383e-20 5.221837e-20
4.270000e-01 6.683137e-20 5.214269e-20
4.280000e-01 6.674933e-20 5.206736e-20
4.290000e-01 6.666771e-20 5.199236e-20
4.300000e-01 6.658649e-20 5.191770e-20
4.310000e-01 6.650568e-20 5.184338e-20
4.320000e-01 6.642528e-20 5.176938e-20
4.330000e-01 6.634527e-20 5.169572e-20
4.340000e-01 6.626567e-20 5.162239e-20
4.350000e-01 6.618646e-20 5.154938e-20
4.360000e-01 6.610764e-20 5.147670e-20
4.370000e-01 6.602921e-20 5.140434e-20
4.380000e-01 6.595117e-20 5.133230e-20
4.390000e-01 6.587351e-20 5.126058e-20
4.400000e-01 6.579623e-20 5.118917e-20
4.410000e-01 6.571932e-20 5.111807e-20
4.420000e-01 6.564279e-20 5.104729e-20
4.430000e-01 6.556664e-20 5.097681e-20
4.440000e-01 6.549085e-20 5.090665e-20
4.450000e-01 6.541543e-20 5.083679e-20
4.460000e-01 6.534037e-20 5.076723e-20
4.470000e-01 6.526567e-20 5.069797e-20
4.480000e-01 6.519133e-20 5.062902e-20
4.490000e-01 6.511734e-20 5.056036e-20
4.500000e-01 6.504371e-20 5.049199e-20
4.510000e-01 6.497042e-20 5.042392e-20
4.520000e-01 6.489749e-20 5.035614e-20
4.530000e-01 6.482490e-20 5.028866e-20
4.540000e-01 6.475265e-20 5.022146e-20
4.550000e-01 6.468074e-20 5.015454e-20
4.560000e-01 6.460916e-20 5.008792e-20
4.570000e-01 6.453793e-20 5.002157e-20
4.580000e-01 6.446702e-20 4.995550e-20
4.590000e-01 6.439645e-20 4.988972e-20
4.600000e-01 6.432620e-20 4.982421e-20
4.610000e-01 6.425628e-20 4.975898e-20
4.620000e-01 6.418668e-20 4.969402e-20
4.630000e-01 6.411740e-20 4.962933e-20
4.640000e-01 6.404844e-20 4.956492e-20
4.650000e-01 6.397979e-20 4.950077e-20
4.660000e-01 6.391146e-20 4.943689e-20
4.670000e-01 6.384344e-20 4.937328e-20
4.680000e-01 6.377573e-20 4.930993e-20
4.690000e-01 6.370833e-20 4.924684e-20
4.700000e-01 6.364123e-20 4.918401e-20
4.710000e-01 6.357444e-20 4.912145e-20
4.720000e-01 6.350794e-20 4.905914e-20
4.730000e-01 6.344175e-20 4.899708e-20
4.740000e-01 6.337585e-20 4.893528e-20
4.750000e-01 6.331024e-20 4.887373e-20
4.760000e-01 6.324493e-20 4.881244e-20
4.770000e-01 6.317991e-20 4.875139e-20
4.780000e-01 6.311517e-20 4.869059e-20
4.790000e-01 6.305073e-20 4.863004e-20
4.800000e-01 6.298656e-20 4.856974e-20
4.810000e-01 6.292268e-20 4.850967e-20
4.820000e-01 6.285908e-20 4.844985e-20
4.830000e-01 6.279576e-20 4.839027e-20
4.840000e-01 6.273271e-20 4.833093e-20
4.850000e-01 6.266994e-20 4.827183e-20
4.860000e-01 6.260744e-20 4.821297e-20
4.870000e-01 6.254522e-20 4.815434e-20
4.880000e-01 6.248326e-20 4.809594e-20
4.890000e-01 6.242157e-20 4.803777e-20
4.900000e-01 6.236015e-20 4.797984e-20
4.910000e-01 6.229898e-20 4.792214e-20
4.920000e-01 6.223809e-20 4.786466e-20
4.930000e-01 6.217745e-20 4.780741e-20
4.940000e-01 6.211707e-20 4.775039e-20
4.950000e-01 6.205694e-20 4.769359e-20
4.960000e-01 6.199707e-20 4.763701e-20
4.970000e-01 6.193746e-20 4.758066e-20
4.980000e-01 6.187810e-20 4.752452e-20
4.990000e-01 6.181898e-20 4.746861e-20
5.000000e-01 6.176012e-20 4.741291e-20
5.010000e-01 6.170150e-20 4.735743e-20
5.020000e-01 6.164313e-20 4.730216e-20
5.030000e-01 6.158500e-20 4.724711e-20
5.040000e-01 6.152711e-20 4.719227e-20
5.050000e-01 6.146947e-20 4.713764e-20
5.060000e-01 6.141206e-20 4.708322e-20
5.070000e-01 6.135489e-20 4.702901e-20
5.080000e-01 6.129795e-20 4.697501e-20
5.090000e-01 6.124125e-20 4.692122e-20
5.100000e-01 6.118478e-20 4.686763e-20
5.110000e-01 6.112855e-20 4.681424e-20
5.120000e-01 6.107254e-20 4.676106e-20
5.130000e-01 6.101676e-20 4.670808e-20
5.140000e-01 6.096121e-20 4.665530e-20
5.150000e-01 6.090589e-20 4.660273e-20
5.160000e-01 6.085078e-20 4.655034e-20
5.170000e-01 6.079590e-20 4.649816e-20
5.180000e-01 6.074124e-20 4.644617e-20
5.190000e-01 6.068681e-20 4.639438e-20
5.200000e-01 6.063258e-20 4.634279e-20
5.210000e-01 6.057858e-20 4.629138e-20
5.220000e-01 6.052479e-20 4.624017e-20
5.230000e-01 6.047122e-20 4.618915e-20
5.240000e-01 6.041786e-20 4.613832e-20
5.250000e-01 6.036471e-20 4.608767e-20
5.260000e-01 6.031177e-20 4.603722e-20
5.270000e-01 6.025904e-20 4.598695e-20
5.280000e-01 6.020652e-20 4.593687e-20
5.290000e-01 6.015420e-20 4.588697e-20
5.300000e-01 6.010209e-20 4.583725e-20
5.310000e-01 6.005018e-20 4.578772e-20
5.320000e-01 5.999848e-20 4.573837e-20
5.330000e-01 5.994698e-20 4.568920e-20
5.340000e-01 5.989568e-20 4.564021e-20
5.350000e-01 5.984457e-20 4.559140e-20
5.360000e-01 5.979367e-20 4.554276e-20
5.370000e-01 5.974296e-20 4.549430e-20
5.380000e-01 5.969244e-20 4.544602e-20
5.390000e-01 5.964212e-20 4.539791e-20
5.400000e-01 5.959199e-20 4.534998e-20
5.410000e-01 5.954206e-20 4.530222e-20
5.420000e-01 5.949231e-20 4.525463e-20
5.430000e-01 5.944276e-20 4.520721e-20
5.440000e-01 5.939339e-20 4.515997e-20
5.450000e-01 5.934421e-20 4.511289e-20
5.460000e-01 5.929522e-20 4.506598e-20
5.470000e-01 5.924641e-20 4.501923e-20
5.480000e-01 5.919779e-20 4.497266e-20
5.490000e-01 5.914934e-20 4.492625e-20
5.500000e-01 5.910108e-20 4.488000e-20
5.510000e-01 5.905301e-20 4.483392e-20
5.520000e-01 5.900511e-20 4.478800e-20
5.530000e-01 5.895738e-20 4.474224e-20
5.540000e-01 5.890984e-20 4.469664e-20
5.550000e-01 5.886247e-20 4.465121e-20
5.560000e-01 5.881528e-20 4.460593e-20
5.570000e-01 5.876827e-20 4.456081e-20
5.580000e-01 5.872142e-20 4.451585e-20
5.590000e-01 5.867475e-20 4.447105e-20
5.600000e-01 5.862825e-20 4.442640e-20
5.610000e-01 5.858192e-20 4.438191e-20
5.620000e-01 5.853576e-20 4.433757e-20
5.630000e-01 5.848977e-20 4.429339e-20
5.640000e-01 5.844394e-20 4.424936e-20
5.650000e-01 5.839829e-20 4.420548e-20
5.660000e-01 5.835280e-20 4.416176e-20
5.670000e-01 5.830747e-20 4.411818e-20
5.680000e-01 5.826230e-20 4.407475e-20
5.690000e-01 5.821730e-20 4.403148e-20
5.700000e-01 5.817246e-20 4.398835e-20
5.710000e-01 5.812779e-20 4.394536e-20
5.720000e-01 5.808327e-20 4.390253e-20
5.730000e-01 5.803891e-20 4.385984e-20
5.740000e-01 5.799471e-20 4.381730e-20
5.750000e-01 5.795066e-20 4.377490e-20
5.760000e-01 5.790678e-20 4.373264e-20
5.770000e-01 5.786305e-20 4.369053e-20
5.780000e-01 5.781947e-20 4.364856e-20
5.790000e-01 5.777605e-20 4.360673e-20
5.800000e-01 5.773278e-20 4.356504e-20
5.810000e-01 5.768966e-20 4.352349e-20
5.820000e-01 5.764669e-20 4.348209e-20
5.830000e-01 5.760388e-20 4.344082e-20
5.840000e-01 5.756121e-20 4.339968e-20
5.850000e-01 5.751869e-20 4.335869e-20
5.860000e-01 5.747632e-20 4.331783e-20
5.870000e-01 5.743410e-20 4.327711e-20
5.880000e-01 5.739202e-20 4.323652e-20
5.890000e-01 5.735009e-20 4.319607e-20
5.900000e-01 5.730831e-20 4.315575e-20
5.910000e-01 5.726666e-20 4.311557e-20
5.920000e-01 5.722516e-20 4.307552e-20
5.930000e-01 5.718381e-20 4.303560e-20
5.940000e-01 5.714259e-20 4.299581e-20
5.950000e-01 5.710152e-20 4.295615e-20
5.960000e-01 5.706059e-20 4.291662e-20
5.970000e-01 5.701979e-20 4.287722e-20
5.980000e-01 5.697914e-20 4.283795e-20
5.990000e-01 5.693862e-20 4.279881e-20
6.000000e-01 5.689824e-20 4.275979e-20
6.010000e-01 5.685799e-20 4.272091e-20
6.020000e-01 5.681788e-20 4.268214e-20
6.030000e-01 5.677791e-20 4.264351e-20
6.040000e-01 5.673807e-20 4.260500e-20
6.050000e-01 5.669836e-20 4.256661e-20
6.060000e-01 5.665879e-20 4.252835e-20
6.070000e-01 5.661935e-20 4.249021e-20
6.080000e-01 5.658004e-20 4.245219e-20
6.090000e-01 5.654086e-20 4.241429e-20
6.100000e-01 5.650181e-20 4.237652e-20
6.110000e-01 5.646289e-20 4.233887e-20
6.120000e-01 5.642410e-20 4.230133e-20
6.130000e-01 5.638544e-20 4.226392e-20
6.140000e-01 5.634690e-20 4.222663e-20
6.150000e-01 5.630849e-20 4.218945e-20
6.160000e-01 5.627021e-20 4.215239e-20
6.170000e-01 5.623205e-20 4.211545e-20
6.180000e-01 5.619402e-20 4.207863e-20
6.190000e-01 5.615611e-20 4.204192e-20
6.200000e-01 5.611832e-20 4.200533e-20
6.210000e-01 5.608066e-20 4.196885e-20
6.220000e-01 5.604312e-20 4.193249e-20
6.230000e-01 5.600570e-20 4.189624e-20
6.240000e-01 5.596840e-20 4.186011e-20
6.250000e-01 5.593123e-20 4.182408e-20
6.260000e-01 5.589417e-20 4.178817e-20
6.270000e-01 5.585723e-20 4.175238e-20
6.280000e-01 5.582041e-20 4.171669e-20
6.290000e-01 5.578370e-20 4.168112e-20
6.300000e-01 5.574712e-20 4.164565e-20
6.310000e-01 5.571065e-20 4.161030e-20
6.320000e-01 5.567430e-20 4.157505e-20
6.330000e-01 5.563806e-20 4.153991e-20
6.340000e-01 5.560194e-20 4.150488e-20
6.350000e-01 5.556593e-20 4.146996e-20
6.360000e-01 5.553003e-20 4.143515e-20
6.370000e-01 5.549425e-20 4.140044e-20
6.380000e-01 5.545858e-20 4.136584e-20
6.390000e-01 5.542303e-20 4.133135e-20
6.400000e-01 5.538758e-20 4.129696e-20
6.410000e-01 5.535225e-20 4.126267e-20
6.420000e-01 5.531702e-20 4.122849e-20
6.430000e-01 5.528191e-20 4.119442e-20
6.440000e-01 5.524691e-20 4.116045e-20
6.450000e-01 5.521201e-20 4.112658e-20
6.460000e-01 5.517722e-20 4.109281e-20
6.470000e-01 5.514254e-20 4.105914e-20
6.480000e-01 5.510797e-20 4.102558e-20
6.490000e-01 5.507350e-20 4.099211e-20
6.500000e-01 5.503914e-20 4.095875e-20
6.510000e-01 5.500489e-20 4.092549e-20
6.520000e-01 5.497074e-20 4.089233e-20
6.530000e-01 5.493669e-20 4.085926e-20
6.540000e-01 5.490275e-20 4.082630e-20
6.550000e-01 5.486892e-20 4.079343e-20
6.560000e-01 5.483518e-20 4.076067e-20
6.570000e-01 5.480155e-20 4.072799e-20
6.580000e-01 5.476802e-20 4.069542e-20
6.590000e-01 5.473459e-20 4.066294e-20
6.600000e-01 5.470127e-20 4.063056e-20
6.610000e-01 5.466804e-20 4.059828e-20
6.620000e-01 5.463492e-20 4.056609e-20
6.630000e-01 5.460189e-20 4.053399e-20
6.640000e-01 5.456896e-20 4.050199e-20
6.650000e-01 5.453613e-20 4.047008e-20
6.660000e-01 5.450340e-20 4.043827e-20
6.670000e-01 5.447077e-20 4.040655e-20
6.680000e-01 5.443824e-20 4.037492e-20
6.690000e-01 5.440580e-20 4.034339e-20
6.700000e-01 5.437345e-20 4.031194e-20
6.710000e-01 5.434121e-20 4.028059e-20
6.720000e-01 5.430906e-20 4.024933e-20
6.730000e-01 5.427700e-20 4.021816e-20
6.740000e-01 5.424504e-20 4.018708e-20
6.750000e-01 5.421317e-20 4.015610e-20
6.760000e-01 5.418140e-20 4.012520e-20
6.770000e-01 5.414972e-20 4.009439e-20
6.780000e-01 5.411813e-20 4.006366e-20
6.790000e-01 5.408664e-20 4.003303e-20
6.800000e-01 5.405524e-20 4.000249e-20
6.810000e-01 5.402393e-20 3.997203e-20
6.820000e-01 5.399271e-20 3.994166e-20
6.830000e-01 5.396158e-20 3.991137e-20
6.840000e-01 5.393054e-20 3.988118e-20
6.850000e-01 5.389959e-20 3.985107e-20
6.860000e-01 5.386873e-20 3.982104e-20
6.870000e-01 5.383796e-20 3.979110e-20
6.880000e-01 5.380728e-20 3.976125e-20
6.890000e-01 5.377668e-20 3.973148e-20
6.900000e-01 5.374617e-20 3.970179e-20
6.910000e-01 5.371576e-20 3.967219e-20
6.920000e-01 5.368542e-20 3.964267e-20
6.930000e-01 5.365518e-20 3.961324e-20
6.940000e-01 5.362502e-20 3.958388e-20
6.950000e-01 5.359495e-20 3.955461e-20
6.960000e-01 5.356496e-20 3.952543e-20
6.970000e-01 5.353506e-20 3.949632e-20
6.980000e-01 5.350524e-20 3.946730e-20
6.990000e-01 5.347551e-20 3.943835e-20
7.000000e-01 5.344586e-20 3.940949e-20
7.010000e-01 5.341629e-20 3.938071e-20
7.020000e-01 5.338681e-20 3.935201e-20
7.030000e-01 5.335741e-20 3.932338e-20
7.040000e-01 5.332809e-20 3.929484e-20
7.050000e-01 5.329885e-20 3.926638e-20
7.060000e-01 5.326970e-20 3.923799e-20
7.070000e-01 5.324063e-20 3.920969e-20
7.080000e-01 5.321163e-20 3.918146e-20
7.090000e-01 5.318272e-20 3.915331e-20
7.100000e-01 5.315389e-20 3.912523e-20
7.110000e-01 5.312514e-20 3.909724e-20
7.120000e-01 5.309647e-20 3.906932e-20
7.130000e-01 5.306788e-20 3.904147e-20
7.140000e-01 5.303936e-20 3.901371e-20
7.150000e-01 5.301093e-20 3.898602e-20
7.160000e-01 5.298257e-20 3.895840e-20
7.170000e-01 5.295429e-20 3.893086e-20
7.180000e-01 5.292609e-20 3.890340e-20
7.190000e-01 5.289797e-20 3.887601e-20
7.200000e-01 5.286992e-20 3.884869e-20
7.210000e-01 5.284195e-20 3.882145e-20
7.220000e-01 5.281405e-20 3.879428e-20
7.230000e-01 5.278623e-20 3.876718e-20
7.240000e-01 5.275849e-20 3.874016e-20
7.250000e-01 5.273082e-20 3.871321e-20
7.260000e-01 5.270323e-20 3.868633e-20
7.270000e-01 5.267571e-20 3.865953e-20
7.280000e-01 5.264826e-20 3.863280e-20
7.290000e-01 5.262089e-20 3.860614e-20
7.300000e-01 5.259359e-20 3.857955e-20
7.310000e-01 5.256637e-20 3.855303e-20
7.320000e-01 5.253922e-20 3.852658e-20
7.330000e-01 5.251214e-20 3.850020e-20
7.340000e-01 5.248513e-20 3.847389e-20
7.350000e-01 5.245820e-20 3.844765e-20
7.360000e-01 5.243134e-20 3.842149e-20
7.370000e-01 5.240454e-20 3.839539e-20
7.380000e-01 5.237782e-20 3.836936e-20
7.390000e-01 5.235117e-20 3.834340e-20
7.400000e-01 5.232459e-20 3.831750e-20
7.410000e-01 5.229809e-20 3.829168e-20
7.420000e-01 5.227165e-20 3.826592e-20
7.430000e-01 5.224528e-20 3.824024e-20
7.440000e-01 5.221898e-20 3.821461e-20
7.450000e-01 5.219275e-20 3.818906e-20
7.460000e-01 5.216658e-20 3.816357e-20
7.470000e-01 5.214049e-20 3.813815e-20
7.480000e-01 5.211446e-20 3.811280e-20
7.490000e-01 5.208850e-20 3.808751e-20
7.500000e-01 5.206261e-20 3.806229e-20
7.510000e-01 5.203679e-20 3.803713e-20
7.520000e-01 5.201103e-20 3.801204e-20
7.530000e-01 5.198534e-20 3.798701e-20
7.540000e-01 5.195972e-20 3.796205e-20
7.550000e-01 5.193416e-20 3.793715e-20
7.560000e-01 5.190867e-20 3.791232e-20
7.570000e-01 5.188325e-20 3.788755e-20
7.580000e-01 5.185789e-20 3.786285e-20
7.590000e-01 5.183259e-20 3.783820e-20
7.600000e-01 5.180736e-20 3.781363e-20
7.610000e-01 5.178220e-20 3.778911e-20
7.620000e-01 5.175710e-20 3.776466e-20
7.630000e-01 5.173206e-20 3.774027e-20
7.640000e-01 5.170709e-20 3.771594e-20
7.650000e-01 5.168218e-20 3.769168e-20
7.660000e-01 5.165733e-20 3.766747e-20
7.670000e-01 5.163255e-20 3.764333e-20
7.680000e-01 5.160783e-20 3.761925e-20
7.690000e-01 5.158317e-20 3.759523e-20
7.700000e-01 5.155857e-20 3.757127e-20
7.710000e-01 5.153404e-20 3.754737e-20
7.720000e-01 5.150957e-20 3.752353e-20
7.730000e-01 5.148516e-20 3.749976e-20
7.740000e-01 5.146081e-20 3.747604e-20
7.750000e-01 5.143652e-20 3.745238e-20
7.760000e-01 5.141229e-20 3.742878e-20
7.770000e-01 5.138812e-20 3.740524e-20
7.780000e-01 5.136402e-20 3.738176e-20
7.790000e-01 5.133997e-20 3.735834e-20
7.800000e-01 5.131598e-20 3.733498e-20
7.810000e-01 5.129206e-20 3.731167e-20
7.820000e-01 5.126819e-20 3.728843e-20
7.830000e-01 5.124438e-20 3.726524e-20
7.840000e-01 5.122063e-20 3.724211e-20
7.850000e-01 5.119694e-20 3.721903e-20
7.860000e-01 5.117331e-20 3.719602e-20
7.870000e-01 5.114973e-20 3.717306e-20
7.880000e-01 5.112621e-20 3.715016e-20
7.890000e-01 5.110276e-20 3.712731e-20
7.900000e-01 5.107935e-20 3.710452e-20
7.910000e-01 5.105601e-20 3.708179e-20
7.920000e-01 5.103272e-20 3.705911e-20
7.930000e-01 5.100949e-20 3.703649e-20
7.940000e-01 5.098632e-20 3.701392e-20
7.950000e-01 5.096320e-20 3.699141e-20
7.960000e-01 5.094014e-20 3.696896e-20
7.970000e-01 5.091713e-20 3.694656e-20
7.980000e-01 5.089418e-20 3.692421e-20
7.990000e-01 5.087129e-20 3.690192e-20
8.000000e-01 5.084845e-20 3.687969e-20
8.010000e-01 5.082567e-20 3.685750e-20
8.020000e-01 5.080294e-20 3.683538e-20
8.030000e-01 5.078026e-20 3.681330e-20
8.040000e-01 5.075764e-20 3.679128e-20
8.050000e-01 5.073508e-20 3.676931e-20
8.060000e-01 5.071257e-20 3.674740e-20
8.070000e-01 5.069011e-20 3.672554e-20
8.080000e-01 5.066770e-20 3.670373e-20
8.090000e-01 5.064535e-20 3.668197e-20
8.100000e-01 5.062306e-20 3.666027e-20
8.110000e-01 5.060081e-20 3.663861e-20
8.120000e-01 5.057862e-20 3.661701e-20
8.130000e-01 5.055648e-20 3.659547e-20
8.140000e-01 5.053439e-20 3.657397e-20
8.150000e-01 5.051236e-20 3.655252e-20
8.160000e-01 5.049038e-20 3.653113e-20
8.170000e-01 5.046845e-20 3.650979e-20
8.180000e-01 5.044657e-20 3.648850e-20
8.190000e-01 5.042474e-20 3.646725e-20
8.200000e-01 5.040296e-20 3.644606e-20
8.210000e-01 5.038124e-20 3.642492e-20
8.220000e-01 5.035956e-20 3.640383e-20
8.230000e-01 5.033794e-20 3.638279e-20
8.240000e-01 5.031637e-20 3.636180e-20
8.250000e-01 5.029484e-20 3.634086e-20
8.260000e-01 5.027337e-20 3.631997e-20
8.270000e-01 5.025195e-20 3.629913e-20
8.280000e-01 5.023057e-20 3.627833e-20
8.290000e-01 5.020925e-20 3.625759e-20
8.300000e-01 5.018797e-20 3.623689e-20
8.310000e-01 5.016675e-20 3.621625e-20
8.320000e-01 5.014557e-20 3.619565e-20
8.330000e-01 5.012445e-20 3.617510e-20
8.340000e-01 5.010337e-20 3.615459e-20
8.350000e-01 5.008234e-20 3.613414e-20
8.360000e-01 5.006135e-20 3.611373e-20
8.370000e-01 5.004042e-20 3.609337e-20
8.380000e-01 5.001953e-20 3.607306e-20
8.390000e-01 4.999869e-20 3.605279e-20
8.400000e-01 4.997790e-20 3.603258e-20
8.410000e-01 4.995716e-20 3.601240e-20
8.420000e-01 4.993646e-20 3.599228e-20
8.430000e-01 4.991581e-20 3.597220e-20
8.440000e-01 4.989521e-20 3.595217e-20
8.450000e-01 4.987466e-20 3.593218e-20
8.460000e-01 4.985415e-20 3.591225e-20
8.470000e-01 4.983368e-20 3.589235e-20
8.480000e-01 4.981327e-20 3.587250e-20
8.490000e-01 4.979290e-20 3.585270e-20
8.500000e-01 4.977257e-20 3.583294e-20
8.510000e-01 4.975229e-20 3.581323e-20
8.520000e-01 4.973206e-20 3.579357e-20
8.530000e-01 4.971187e-20 3.577394e-20
8.540000e-01 4.969173e-20 3.575437e-20
8.550000e-01 4.967163e-20 3.573483e-20
8.560000e-01 4.965158e-20 3.571535e-20
8.570000e-01 4.963157e-20 3.569590e-20
8.580000e-01 4.961161e-20 3.567650e-20
8.590000e-01 4.959169e-20 3.565715e-20
8.600000e-01 4.957181e-20 3.563784e-20
8.610000e-01 4.955198e-20 3.561857e-20
8.620000e-01 4.953219e-20 3.559934e-20
8.630000e-01 4.951245e-20 3.558016e-20
8.640000e-01 4.949275e-20 3.556102e-20
8.650000e-01 4.947309e-20 3.554193e-20
8.660000e-01 4.945348e-20 3.552288e-20
8.670000e-01 4.943391e-20 3.550387e-20
8.680000e-01 4.941439e-20 3.548490e-20
8.690000e-01 4.939490e-20 3.546598e-20
8.700000e-01 4.937546e-20 3.544710e-20
8.710000e-01 4.935606e-20 3.542826e-20
8.720000e-01 4.933671e-20 3.540946e-20
8.730000e-01 4.931739e-20 3.539070e-20
8.740000e-01 4.929812e-20 3.537199e-20
8.750000e-01 4.927889e-20 3.535332e-20
8.760000e-01 4.925970e-20 3.533469e-20
8.770000e-01 4.924056e-20 3.531610e-20
8.780000e-01 4.922145e-20 3.529755e-20
8.790000e-01 4.920239e-20 3.527904e-20
8.800000e-01 4.918337e-20 3.526058e-20
8.810000e-01 4.916439e-20 3.524215e-20
8.820000e-01 4.914545e-20 3.522377e-20
8.830000e-01 4.912655e-20 3.520542e-20
8.840000e-01 4.910769e-20 3.518712e-20
8.850000e-01 4.908887e-20 3.516886e-20
8.860000e-01 4.907009e-20 3.515063e-20
8.870000e-01 4.905135e-20 3.513245e-20
8.880000e-01 4.903266e-20 3.511431e-20
8.890000e-01 4.901400e-20 3.509620e-20
8.900000e-01 4.899538e-20 3.507814e-20
8.910000e-01 4.897680e-20 3.506011e-20
8.920000e-01 4.895827e-20 3.504213e-20
8.930000e-01 4.893977e-20 3.502418e-20
8.940000e-01 4.892131e-20 3.500627e-20
8.950000e-01 4.890289e-20 3.498841e-20
8.960000e-01 4.888451e-20 3.497058e-20
8.970000e-01 4.886616e-20 3.495279e-20
8.980000e-01 4.884786e-20 3.493503e-20
8.990000e-01 4.882960e-20 3.491732e-20
9.000000e-01 4.881137e-20 3.489965e-20
9.010000e-01 4.879318e-20 3.488201e-20
9.020000e-01 4.877503e-20 3.486441e-20
9.030000e-01 4.875692e-20 3.484685e-20
9.040000e-01 4.873885e-20 3.482932e-20
9.050000e-01 4.872081e-20 3.481184e-20
9.060000e-01 4.870281e-20 3.479439e-20
9.070000e-01 4.868485e-20 3.477698e-20
9.080000e-01 4.866693e-20 3.475961e-20
9.090000e-01 4.864904e-20 3.474227e-20
9.100000e-01 4.863119e-20 3.472497e-20
9.110000e-01 4.861338e-20 3.470771e-20
9.120000e-01 4.859561e-20 3.469048e-20
9.130000e-01 4.857787e-20 3.467329e-20
9.140000e-01 4.856017e-20 3.465614e-20
9.150000e-01 4.854251e-20 3.463903e-20
9.160000e-01 4.852488e-20 3.462195e-20
9.170000e-01 4.850729e-20 3.460490e-20
9.180000e-01 4.848973e-20 3.458790e-20
9.190000e-01 4.847221e-20 3.457092e-20
9.200000e-01 4.845473e-20 3.455399e-20
9.210000e-01 4.843728e-20 3.453709e-20
9.220000e-01 4.841987e-20 3.452023e-20
9.230000e-01 4.840250e-20 3.450340e-20
9.240000e-01 4.838516e-20 3.448660e-20
9.250000e-01 4.836785e-20 3.446985e-20
9.260000e-01 4.835058e-20 3.445312e-20
9.270000e-01 4.833335e-20 3.443644e-20
9.280000e-01 4.831615e-20 3.441978e-20
9.290000e-01 4.829898e-20 3.440317e-20
9.300000e-01 4.828186e-20 3.438658e-20
9.310000e-01 4.826476e-20 3.437004e-20
9.320000e-01 4.824770e-20 3.435352e-20
9.330000e-01 4.823068e-20 3.433704e-20
9.340000e-01 4.821368e-20 3.432060e-20
9.350000e-01 4.819673e-20 3.430419e-20
9.360000e-01 4.817981e-20 3.428781e-20
9.370000e-01 4.816292e-20 3.427147e-20
9.380000e-01 4.814606e-20 3.425516e-20
9.390000e-01 4.812924e-20 3.423888e-20
9.400000e-01 4.811246e-20 3.422264e-20
9.410000e-01 4.809570e-20 3.420643e-20
9.420000e-01 4.807898e-20 3.419026e-20
9.430000e-01 4.806230e-20 3.417412e-20
9.440000e-01 4.804564e-20 3.415801e-20
9.450000e-01 4.802902e-20 3.414194e-20
9.460000e-01 4.801244e-20 3.412589e-20
9.470000e-01 4.799588e-20 3.410988e-20
9.480000e-01 4.797936e-20 3.409391e-20
9.490000e-01 4.796287e-20 3.407797e-20
9.500000e-01 4.794642e-20 3.406205e-20
9.510000e-01 4.793000e-20 3.404618e-20
9.520000e-01 4.791361e-20 3.403033e-20
9.530000e-01 4.789725e-20 3.401452e-20
9.540000e-01 4.788092e-20 3.399874e-20
9.550000e-01 4.786463e-20 3.398299e-20
9.560000e-01 4.784837e-20 3.396727e-20
9.570000e-01 4.783214e-20 3.395158e-20
9.580000e-01 4.781594e-20 3.393593e-20
9.590000e-01 4.779977e-20 3.392031e-20
9.600000e-01 4.778364e-20 3.390472e-20
9.610000e-01 4.776754e-20 3.388916e-20
9.620000e-01 4.775147e-20 3.387363e-20
9.630000e-01 4.773543e-20 3.385814e-20
9.640000e-01 4.771942e-20 3.384267e-20
9.650000e-01 4.770344e-20 3.382724e-20
9.660000e-01 4.768749e-20 3.381184e-20
9.670000e-01 4.767158e-20 3.379647e-20
9.680000e-01 4.765569e-20 3.378112e-20
9.690000e-01 4.763984e-20 3.376581e-20
9.700000e-01 4.762402e-20 3.375054e-20
9.710000e-01 4.760822e-20 3.373529e-20
9.720000e-01 4.759246e-20 3.372007e-20
9.730000e-01 4.757673e-20 3.370488e-20
9.740000e-01 4.756103e-20 3.368972e-20
9.750000e-01 4.754536e-20 3.367460e-20
9.760000e-01 4.752972e-20 3.365950e-20
9.770000e-01 4.751410e-20 3.364443e-20
9.780000e-01 4.749852e-20 3.362939e-20
9.790000e-01 4.748297e-20 3.361439e-20
9.800000e-01 4.746745e-20 3.359941e-20
9.810000e-01 4.745196e-20 3.358446e-20
9.820000e-01 4.743650e-20 3.356954e-20
9.830000e-01 4.742106e-20 3.355465e-20
9.840000e-01 4.740566e-20 3.353979e-20
9.850000e-01 4.739029e-20 3.352496e-20
9.860000e-01 4.737494e-20 3.351016e-20
9.870000e-01 4.735963e-20 3.349539e-20
9.880000e-01 4.734434e-20 3.348065e-20
9.890000e-01 4.732908e-20 3.346593e-20
